5.648737589451511099e+01
3.706497554818158235e+00
7.086104069598494704e+00
5.904435501246261708e+00
3.891455399318476172e+00
3.246128763738411749e+01
1.543888240149487423e+01
0.000000000000000000e+00
0.000000000000000000e+00
1.185039548647069507e+00
8.613922886410357194e+00
2.212130868120901983e+00
0.000000000000000000e+00
5.188251517534379076e+00
0.000000000000000000e+00
1.853248777408725401e+00
3.896511732061659128e+00
1.853248777409432613e+00
0.000000000000000000e+00
0.000000000000000000e+00
0.000000000000000000e+00
1.853248777409432613e+00
3.077084359059304219e+00
1.853248777409432613e+00
0.000000000000000000e+00
3.906404603448713431e+00
8.303884990335761884e+00
0.000000000000000000e+00
0.000000000000000000e+00
1.259964643554630115e+00
6.244587377138238971e+00
0.000000000000000000e+00
0.000000000000000000e+00
0.000000000000000000e+00
3.111115919297256394e+00
7.745540571121081186e+00
1.853248777409432613e+00
1.237258564999778709e+00
5.321379373562143300e+00
1.070689765340589794e+01
0.000000000000000000e+00
3.109196697462413450e+00
1.002422437084268658e+01
1.258382463147933894e+00
0.000000000000000000e+00
2.246876899612707312e+00
2.248429989410709595e+00
0.000000000000000000e+00
2.556073152610585986e+00
1.271384304027824319e+00
6.110528428011319235e+00
0.000000000000000000e+00
0.000000000000000000e+00
1.401408297159931493e+01
0.000000000000000000e+00
2.528613675330915633e+00
0.000000000000000000e+00
0.000000000000000000e+00
1.853248777408725401e+00
3.164482599908053473e+00
2.246876899611610856e+00
1.853248777409432613e+00
7.522557223031309803e+00
0.000000000000000000e+00
3.239701046547695995e+01
0.000000000000000000e+00
3.195259583309417728e+00
2.268986510887429642e+00
0.000000000000000000e+00
2.560468164465940788e+01
0.000000000000000000e+00
2.264579259908394260e+00
7.593404266632255428e+00
0.000000000000000000e+00
0.000000000000000000e+00
2.600224514247276630e+00
0.000000000000000000e+00
3.879537949766211469e+00
3.199009164836242203e+00
6.463965559728699795e+00
2.237322214060113446e+00
0.000000000000000000e+00
1.261150159541633675e+00
3.916069345318347050e+00
0.000000000000000000e+00
1.026170792613896943e+01
0.000000000000000000e+00
4.491756189457287718e+00
0.000000000000000000e+00
1.853248777409432613e+00
0.000000000000000000e+00
9.121179587144084167e+00
0.000000000000000000e+00
8.628691396184995810e+00
0.000000000000000000e+00
0.000000000000000000e+00
3.150522921595894132e+01
0.000000000000000000e+00
1.119894276258336951e+01
0.000000000000000000e+00
0.000000000000000000e+00
0.000000000000000000e+00
0.000000000000000000e+00
0.000000000000000000e+00
0.000000000000000000e+00
0.000000000000000000e+00
9.266243887046456962e+00
1.111949266445588869e+01
1.930012887548752332e+01
0.000000000000000000e+00
3.073466847532341006e+01
0.000000000000000000e+00
3.308180882181127380e+00
4.616199589618807053e+00
4.512956747757983500e+00
4.597625225715674446e+00
3.285834188492920749e+00
0.000000000000000000e+00
1.373632522910075693e+01
0.000000000000000000e+00
3.336285952138771549e+00
2.318715136313541869e+00
3.955605039836763037e+00
1.383347622104487806e+00
2.633865842392884105e+01
4.661388300711529986e+00
4.290036947346519192e+00
0.000000000000000000e+00
0.000000000000000000e+00
0.000000000000000000e+00
0.000000000000000000e+00
2.346778663362863337e+00
0.000000000000000000e+00
0.000000000000000000e+00
0.000000000000000000e+00
0.000000000000000000e+00
0.000000000000000000e+00
0.000000000000000000e+00
1.492423134141221830e+01
0.000000000000000000e+00
6.980427363262275087e+00
0.000000000000000000e+00
0.000000000000000000e+00
5.637414965746653195e+01
2.373456611440743824e+00
1.488647525032811991e+01
1.218851929081943553e+01
0.000000000000000000e+00
0.000000000000000000e+00
2.712123661817759057e+01
0.000000000000000000e+00
0.000000000000000000e+00
1.408520968055934963e+00
0.000000000000000000e+00
0.000000000000000000e+00
1.419670927650993786e+00
1.429669353013123478e+00
0.000000000000000000e+00
0.000000000000000000e+00
0.000000000000000000e+00
1.481970470468715106e+01
0.000000000000000000e+00
2.023872392887895728e+02
0.000000000000000000e+00
0.000000000000000000e+00
2.112287525458058823e+01
1.853248777408725401e+00
0.000000000000000000e+00
3.451517312240647062e+00
1.793559232306174422e+01
0.000000000000000000e+00
1.472902533392815849e+00
1.853248777409432613e+00
0.000000000000000000e+00
0.000000000000000000e+00
0.000000000000000000e+00
1.486211842256262239e+00
0.000000000000000000e+00
2.377687662288520354e+00
2.379894687299229705e+00
1.497406264492642913e+00
1.492627593176506062e+00
1.965840116151249006e+01
0.000000000000000000e+00
0.000000000000000000e+00
2.977568382304692562e+00
0.000000000000000000e+00
1.507191743198375899e+00
4.903549446179061633e+00
9.202427056157361562e+00
4.001573036347354950e+00
2.393392252540507137e+00
0.000000000000000000e+00
2.387667153360653494e+00
1.509071575348579053e+00
0.000000000000000000e+00
0.000000000000000000e+00
2.390634308193182456e+00
0.000000000000000000e+00
0.000000000000000000e+00
1.505307319879590100e+00
1.507191743197225486e+00
1.510946810603900348e+00
3.031229499766380897e+00
5.675655979072606883e+00
0.000000000000000000e+00
0.000000000000000000e+00
3.998223200942507383e+00
6.935529520627422784e+00
5.730775515126179442e+00
6.586810065992779073e+00
0.000000000000000000e+00
4.271569386078277120e+01
1.547526273636172256e+01
0.000000000000000000e+00
0.000000000000000000e+00
0.000000000000000000e+00
4.193871068410904179e+00
0.000000000000000000e+00
2.320635921102488730e+00
1.853248777409432613e+00
3.324962951774543818e+00
4.641485036223752303e+00
0.000000000000000000e+00
0.000000000000000000e+00
0.000000000000000000e+00
1.509072253159378363e+01
0.000000000000000000e+00
3.963859402270319965e+00
0.000000000000000000e+00
4.226613770028284200e+00
1.419670927652077586e+00
0.000000000000000000e+00
1.402900161391067657e+00
3.359948311006847543e+00
4.619388914981906069e+00
0.000000000000000000e+00
7.327062590524697328e+00
0.000000000000000000e+00
1.410620910987612442e+00
1.405363010787601397e+00
0.000000000000000000e+00
1.111949266445588869e+01
0.000000000000000000e+00
1.297274144186532219e+01
3.974639246994839059e+00
4.693765505406815031e+00
1.418630829532968152e+00
2.345945327916004963e+00
3.970317778059011538e+00
3.396718085691942779e+00
1.428639738981855034e+00
0.000000000000000000e+00
3.727546288437786615e+01
0.000000000000000000e+00
6.022551677033229467e+00
0.000000000000000000e+00
0.000000000000000000e+00
0.000000000000000000e+00
2.345945327916004963e+00
1.853248777409432613e+00
1.440244802938259738e+00
7.412995109637730451e+00
3.976238716981645549e+00
1.853248777408725401e+00
1.425544372203997767e+00
2.340092530828383310e+00
0.000000000000000000e+00
0.000000000000000000e+00
0.000000000000000000e+00
2.862080955929118709e+00
9.266243887045748195e+00
0.000000000000000000e+00
0.000000000000000000e+00
1.853248777409432613e+00
3.706497554818158235e+00
0.000000000000000000e+00
2.353626400019790399e+00
2.349482108828332194e+00
2.359191893420315100e+00
3.981872123157404353e+00
0.000000000000000000e+00
0.000000000000000000e+00
0.000000000000000000e+00
4.694181908635251865e+00
2.350727302415411835e+00
1.853248777409432613e+00
0.000000000000000000e+00
5.559746332229005716e+00
1.853248777409432613e+00
2.918102788094189659e+00
2.350312418191339070e+00
2.354453062992268642e+00
0.000000000000000000e+00
0.000000000000000000e+00
1.459051394047651717e+00
1.853248777408725401e+00
1.454385849231913275e+00
0.000000000000000000e+00
0.000000000000000000e+00
1.853248777408725401e+00
0.000000000000000000e+00
1.853248777409432613e+00
0.000000000000000000e+00
4.710284529781625373e+00
1.457387901854887424e+00
3.706497554818865225e+00
0.000000000000000000e+00
3.981750110412050514e+00
0.000000000000000000e+00
3.706497554818865225e+00
1.853248777409432613e+00
2.359191893420315100e+00
2.357134585139706751e+00
0.000000000000000000e+00
1.470609221853125481e+00
0.000000000000000000e+00
2.362064116159625637e+00
0.000000000000000000e+00
2.583853556663570572e+01
0.000000000000000000e+00
0.000000000000000000e+00
0.000000000000000000e+00
0.000000000000000000e+00
1.853248777409432613e+00
1.853248777409432613e+00
1.470281107947860155e+00
1.473556643997453230e+00
0.000000000000000000e+00
0.000000000000000000e+00
0.000000000000000000e+00
3.706497554819572660e+00
0.000000000000000000e+00
4.728832648849532028e+00
1.471920432821140823e+00
2.363292174285557490e+00
1.853248777409432613e+00
3.486630567096234756e+00
1.462369115492573535e+00
2.965323447502301590e+00
1.095843878373119296e+01
1.468309812902722999e+00
4.770250310985511888e+00
3.987461658417311483e+00
2.956893121507859323e+00
0.000000000000000000e+00
0.000000000000000000e+00
0.000000000000000000e+00
3.706497554818158235e+00
6.284418142297278465e+00
1.026270659920299266e+01
3.988428990615049408e+00
2.934644975462759930e+00
3.471666673790858582e+00
1.193969368405478448e+01
1.755077005159685299e+01
1.475515982450985808e+00
0.000000000000000000e+00
2.372041186268927238e+00
4.767183792484452454e+00
1.853248777409432613e+00
0.000000000000000000e+00
0.000000000000000000e+00
0.000000000000000000e+00
1.853248777409432613e+00
0.000000000000000000e+00
0.000000000000000000e+00
0.000000000000000000e+00
2.382694294622272224e+00
0.000000000000000000e+00
3.528588799733741954e+00
0.000000000000000000e+00
2.371028632969980343e+00
0.000000000000000000e+00
0.000000000000000000e+00
0.000000000000000000e+00
0.000000000000000000e+00
1.488141859233906850e+00
2.373658609369530659e+00
1.484600036202115003e+00
1.853248777409432613e+00
2.380695647232441203e+00
1.489426019171244953e+00
3.706497554818158235e+00
0.000000000000000000e+00
0.000000000000000000e+00
1.853248777408725401e+00
3.523200688007328107e+00
0.000000000000000000e+00
1.853248777409432613e+00
1.853248777409432613e+00
0.000000000000000000e+00
0.000000000000000000e+00
4.494123806027613632e+00
1.050767603983658205e+01
1.853248777409432613e+00
3.505289905950083273e+00
4.823541690366569767e+00
2.378892288969323587e+00
4.824435431028757826e+00
1.853248777409432613e+00
4.844016713185241407e+00
2.223994098828829280e+01
0.000000000000000000e+00
0.000000000000000000e+00
0.000000000000000000e+00
0.000000000000000000e+00
1.506564111939028949e+00
1.853248777408725401e+00
2.389844295403737107e+00
1.514061971871260015e+00
0.000000000000000000e+00
2.177864336149841762e+01
4.774739438963910843e+00
1.853248777409432613e+00
2.393195624749407280e+00
0.000000000000000000e+00
0.000000000000000000e+00
4.772357723987794564e+00
4.891416314193656412e+00
1.673028979184414666e+01
1.853248777409432613e+00
4.001100500170330143e+00
2.390831671082738641e+00
0.000000000000000000e+00
6.337615197732924699e+00
1.032311333955548882e+01
0.000000000000000000e+00
0.000000000000000000e+00
0.000000000000000000e+00
1.506564111937878980e+00
1.853248777409432613e+00
0.000000000000000000e+00
0.000000000000000000e+00
1.774751523291898536e+01
2.387468898012137686e+00
7.566531839881357691e+00
3.006836622270749437e+00
4.519692335814786688e+00
1.509071575347427085e+00
4.779886131612721023e+00
1.853248777409432613e+00
4.787374114137151970e+00
1.853248777409432613e+00
0.000000000000000000e+00
2.395159335211969776e+00
4.541253095464345080e+00
5.559746332227590848e+00
3.024388821581629472e+00
2.394374536726245228e+00
4.539386302461737799e+00
4.789730225427654808e+00
2.384687538119088845e+00
0.000000000000000000e+00
1.853248777410140047e+00
8.684132030235915067e+00
4.472124487926090630e+00
2.393785337325088580e+00
1.514372783804198042e+00
0.000000000000000000e+00
1.853248777409432613e+00
6.844496899828265590e+00
0.000000000000000000e+00
0.000000000000000000e+00
1.853248777408725401e+00
0.000000000000000000e+00
9.103641932167112927e+00
0.000000000000000000e+00
5.323466733418736219e+00
4.002715632573725202e+00
1.343556771102841774e+00
4.575887469449222422e+00
0.000000000000000000e+00
2.284560359553180486e+00
0.000000000000000000e+00
0.000000000000000000e+00
3.309383328148808090e+00
2.305837448263415190e+00
1.853248777410140047e+00
2.296753110761396766e+00
0.000000000000000000e+00
3.309383328147073922e+00
0.000000000000000000e+00
5.722877142493353553e+00
1.853248777408725401e+00
3.951079559491881277e+00
7.812369575376071573e+00
0.000000000000000000e+00
4.153269899914182162e+00
2.322340795986223227e+00
0.000000000000000000e+00
1.853248777409432613e+00
0.000000000000000000e+00
0.000000000000000000e+00
3.959114051869914608e+00
5.598614719386547200e+00
4.157567690896008195e+00
5.536259431146269172e+00
0.000000000000000000e+00
1.253051403234085726e+01
3.385694381057834157e+00
0.000000000000000000e+00
3.363476774778784151e+00
1.853248777409432613e+00
0.000000000000000000e+00
0.000000000000000000e+00
2.228314642212486163e+01
2.823338542958529818e+00
7.546407349873592629e+00
1.400078354502720890e+00
0.000000000000000000e+00
1.399371717493474110e+00
2.332519046508664484e+00
1.411319937393444635e+00
4.642367957735705986e+00
0.000000000000000000e+00
4.600112199052185602e+00
1.467181520642396464e+01
2.326804706565599901e+00
7.103549723140339722e+00
3.385112600253362913e+00
4.290036947348702334e+00
1.422093617455443271e+00
3.390342933718720531e+00
4.625149392586661357e+00
5.617647903211980598e+00
8.434286225937363213e+00
0.000000000000000000e+00
1.853248777409432613e+00
1.853248777409432613e+00
1.409921407139833383e+00
1.853248777408725401e+00
3.967342353129690746e+00
0.000000000000000000e+00
4.291065472650301693e+00
3.423166226954220903e+00
4.671572708750400871e+00
8.799016029787996018e+00
2.342814097158092856e+00
4.671572708749079261e+00
2.155534720535727899e+01
1.853248777409432613e+00
3.392663402213152324e+00
0.000000000000000000e+00
0.000000000000000000e+00
5.742540654521738119e+00
0.000000000000000000e+00
7.412995109636316471e+00
3.706497554818865225e+00
4.683745608947869954e+00
3.706497554818158235e+00
7.428471451984994367e+00
1.023777442174339036e+01
2.344276554305088300e+00
4.685000821725691544e+00
1.435483244143261006e+00
3.400187287340904252e+00
1.423820500804051647e+00
3.972295992870669146e+00
6.001670928853590326e+00
1.434459810070155550e+00
2.341768193744168780e+00
3.400187287342728570e+00
2.538469543800448136e+01
4.697199972374723309e+00
2.341977460070051809e+00
0.000000000000000000e+00
0.000000000000000000e+00
3.706497554818865225e+00
3.971060127125412897e+00
2.161205051645866249e+01
1.425199839055381901e+01
5.559746332227590848e+00
1.329052503374107985e+01
3.978693168396351343e+00
3.445316213413966988e+00
4.705618272947041270e+00
2.356722557366701665e+00
2.350934676710900284e+00
3.983699804124865906e+00
6.276392540473310078e+00
2.350519882889785972e+00
1.853248777409432613e+00
1.853248777409432613e+00
0.000000000000000000e+00
4.708286245077605514e+00
1.448688124889052187e+00
2.355278985561603200e+00
4.746420000840444686e+00
2.542209599986531643e+01
1.853248777409432613e+00
0.000000000000000000e+00
0.000000000000000000e+00
5.694247657264553730e+00
7.412995109637023461e+00
4.709525684964318337e+00
0.000000000000000000e+00
0.000000000000000000e+00
0.000000000000000000e+00
3.475558498126112728e+00
3.976484507795949419e+00
3.706497554818158235e+00
2.918767444442960102e+00
1.853248777409432613e+00
1.853248777409432613e+00
5.737925075627567040e+00
2.360423997446372990e+00
0.000000000000000000e+00
1.041808939751557617e+01
7.557203620314737691e+00
0.000000000000000000e+00
1.182757248603595102e+01
1.473229651024497322e+00
1.470281107948982369e+00
0.000000000000000000e+00
1.853248777408725401e+00
6.189295926929898606e+00
0.000000000000000000e+00
9.382498101039598026e+00
4.793869924120371273e+00
1.853248777409432613e+00
0.000000000000000000e+00
2.954290662636699150e+00
4.770250310985511888e+00
0.000000000000000000e+00
1.853248777409432613e+00
1.028291729846561253e+01
7.384098557073715874e+00
2.363292174286252045e+00
2.367372962374500123e+00
2.461852200511889777e+01
1.477145331318349575e+00
1.479096424982535130e+00
2.364518478031870430e+00
1.476493966547282710e+00
3.461619952852600157e+00
2.361859270100573394e+00
2.364109905799523847e+00
3.482210202832102919e+00
1.853248777409432613e+00
1.472247924264003860e+00
3.486078640965844411e+00
8.860918268486654981e+00
9.488568899013918312e+00
0.000000000000000000e+00
3.992283499403532776e+00
2.987171207512352211e+00
3.994919245459666701e+00
5.559746332229005716e+00
2.087451530682122680e+01
1.488784191153482706e+00
0.000000000000000000e+00
1.481367005949691285e+00
6.306724914000651161e+00
0.000000000000000000e+00
3.996351866148043719e+00
6.313076310099870803e+00
2.967262889804849646e+00
7.629661521850965578e+00
3.706497554818865225e+00
9.384801163260696910e+00
1.489426019172382043e+00
0.000000000000000000e+00
0.000000000000000000e+00
3.517252516563137643e+00
6.216547075591078553e+00
6.304601065344829891e+00
7.640660027539698973e+00
3.994799697468006450e+00
1.495816537179365691e+00
6.220246099117888505e+00
1.179092554816912752e+01
1.491348477660337180e+00
1.491988287910426925e+00
1.066081204658700976e+01
6.312472732668662267e+00
8.286813944924368514e+00
3.991442389014354220e+00
7.685917507902784607e+00
0.000000000000000000e+00
5.787641406755936302e+00
2.374466084699206725e+00
8.644061296294516694e+00
6.019971213466319249e+00
4.861682646905707728e+00
3.706497554818865225e+00
2.388657598339358756e+00
1.171932876949807678e+01
5.763238180191346594e+00
2.392408545491517824e+00
3.531275924905688868e+00
9.738302573059369749e+00
5.759636655467481603e+00
5.559746332227590848e+00
1.510322243305097567e+00
1.510009767945879045e+00
0.000000000000000000e+00
4.788552684137460602e+00
1.506877991319357957e+00
4.002516807948095057e+00
1.505935970762282361e+00
1.371447365800450413e+01
3.999087449160618757e+00
3.533958413389212794e+00
6.035034356255580157e+00
6.341175387062903290e+00
2.392605400413858163e+00
3.999798813800826025e+00
2.389251197997171339e+00
1.853248777409432613e+00
2.305017825960530331e+01
9.389149528978444792e+00
0.000000000000000000e+00
0.000000000000000000e+00
9.388497003297571197e+00
5.017179101332028601e+00
0.000000000000000000e+00
0.000000000000000000e+00
0.000000000000000000e+00
1.853248777409432613e+00
1.853248777408725401e+00
0.000000000000000000e+00
1.535206010775300500e+00
2.397508208254046203e+00
0.000000000000000000e+00
0.000000000000000000e+00
0.000000000000000000e+00
0.000000000000000000e+00
0.000000000000000000e+00
1.549550651902479093e+00
1.568206450578723432e+00
7.578595322446388671e+00
0.000000000000000000e+00
0.000000000000000000e+00
0.000000000000000000e+00
1.853248777409432613e+00
1.853248777410140047e+00
0.000000000000000000e+00
0.000000000000000000e+00
0.000000000000000000e+00
0.000000000000000000e+00
0.000000000000000000e+00
6.409116290243503933e+00
3.629343234305506982e+00
4.871266203251027882e+00
0.000000000000000000e+00
0.000000000000000000e+00
0.000000000000000000e+00
6.408021478357463607e+00
1.853248777408725401e+00
0.000000000000000000e+00
0.000000000000000000e+00
0.000000000000000000e+00
1.853248777409432613e+00
5.091811242167876728e+00
2.439363842772041213e+00
2.159853173046291275e+01
2.440450299080050289e+00
0.000000000000000000e+00
0.000000000000000000e+00
0.000000000000000000e+00
0.000000000000000000e+00
0.000000000000000000e+00
1.291364667034673452e+01
1.603881258135596344e+00
2.449938087443585211e+00
0.000000000000000000e+00
3.203432440132965908e+00
6.059527204334087536e+00
6.053683233404989039e+00
7.582739311610868782e+00
0.000000000000000000e+00
0.000000000000000000e+00
6.406650749947755408e+00
1.589099285112302917e+00
0.000000000000000000e+00
4.038847752495611232e+00
5.153556014146301045e+00
0.000000000000000000e+00
4.039703977881044850e+00
0.000000000000000000e+00
0.000000000000000000e+00
5.188750485508450083e+00
0.000000000000000000e+00
4.039703977880557240e+00
5.559746332228297838e+00
5.170879683980888153e+00
3.215298335589862333e+00
9.668342490414257639e+00
0.000000000000000000e+00
0.000000000000000000e+00
0.000000000000000000e+00
0.000000000000000000e+00
0.000000000000000000e+00
0.000000000000000000e+00
0.000000000000000000e+00
0.000000000000000000e+00
0.000000000000000000e+00
0.000000000000000000e+00
0.000000000000000000e+00
0.000000000000000000e+00
4.048747261388826679e+00
4.799447150865147194e+01
0.000000000000000000e+00
0.000000000000000000e+00
0.000000000000000000e+00
0.000000000000000000e+00
0.000000000000000000e+00
2.463876561555531364e+00
2.569014003254743628e+01
0.000000000000000000e+00
4.829544184443057731e+01
0.000000000000000000e+00
0.000000000000000000e+00
1.794355367286422620e+01
7.412995109637376956e+00
0.000000000000000000e+00
5.253869851237539912e+00
1.853248777409432613e+00
3.289692644179762038e+00
5.559746332227944343e+00
0.000000000000000000e+00
0.000000000000000000e+00
0.000000000000000000e+00
0.000000000000000000e+00
1.640102257151470511e+00
0.000000000000000000e+00
3.706497554818511730e+00
3.778169309176571566e+00
3.745170168086501494e+00
4.952188405296466200e+00
1.645094619180850204e+00
1.853248777409432613e+00
1.967466192767379951e+01
1.339418696154556621e+01
0.000000000000000000e+00
1.853248777409079118e+00
2.157306547264072449e+01
0.000000000000000000e+00
0.000000000000000000e+00
0.000000000000000000e+00
4.075508188898082551e+01
2.491401494530345317e+00
1.853248777409432613e+00
0.000000000000000000e+00
4.966295626150377451e+00
0.000000000000000000e+00
3.801977111586251290e+00
0.000000000000000000e+00
0.000000000000000000e+00
3.706497554818158235e+00
1.853248777409079118e+00
0.000000000000000000e+00
0.000000000000000000e+00
1.678015517716500371e+00
0.000000000000000000e+00
0.000000000000000000e+00
9.156555129416577898e+00
0.000000000000000000e+00
0.000000000000000000e+00
0.000000000000000000e+00
0.000000000000000000e+00
2.006700749711091802e+01
3.706497554818511730e+00
2.499361433091852547e+00
2.500896853276388221e+00
0.000000000000000000e+00
3.706497554818865225e+00
4.066078086947112702e+00
4.999799495118435466e+00
3.836327670480003782e+00
0.000000000000000000e+00
2.497197803723830045e+00
5.355608921695657720e+00
2.495642374906517968e+00
7.503149515520268764e+00
1.853248777409079118e+00
2.792870855601012181e+01
0.000000000000000000e+00
1.853248777409079118e+00
3.667779073936886647e+01
3.841099691130926086e+00
2.504698577831831141e+00
0.000000000000000000e+00
3.706497554818511730e+00
0.000000000000000000e+00
3.846230871640186066e+00
0.000000000000000000e+00
2.500743688622131256e+00
0.000000000000000000e+00
2.224270668235350357e+01
0.000000000000000000e+00
2.501814076082772953e+00
0.000000000000000000e+00
2.504245161340297177e+00
5.051750595740046812e+00
0.000000000000000000e+00
1.853248777409786330e+00
0.000000000000000000e+00
1.853248777409432613e+00
1.853248777409079118e+00
3.838717939428585524e+00
1.853248777409079118e+00
5.004085745143388664e+00
1.853248777409079118e+00
0.000000000000000000e+00
0.000000000000000000e+00
0.000000000000000000e+00
0.000000000000000000e+00
0.000000000000000000e+00
2.514187908390121517e+00
2.096652134590372185e+01
2.524575518650706840e+00
1.699970095873132969e+00
1.258070676808262256e+01
0.000000000000000000e+00
0.000000000000000000e+00
6.351074129041275107e+00
2.387704099889075238e+01
1.744084404373893094e+01
4.629848045002372459e+01
2.531550224112372405e+00
2.512728495700340847e+00
0.000000000000000000e+00
0.000000000000000000e+00
1.006860898090932288e+01
3.053468686473392424e+01
0.000000000000000000e+00
3.866733101665812189e+00
0.000000000000000000e+00
8.998959006629444701e+00
0.000000000000000000e+00
0.000000000000000000e+00
1.853248777409079118e+00
1.853248777409432613e+00
6.518382742865693302e+00
0.000000000000000000e+00
0.000000000000000000e+00
2.397312786656084604e+00
0.000000000000000000e+00
1.853248777409432613e+00
3.582992571840869278e+00
0.000000000000000000e+00
0.000000000000000000e+00
2.395747331706103989e+00
2.400821457390180047e+00
3.706497554818865225e+00
0.000000000000000000e+00
1.033087772654163672e+01
0.000000000000000000e+00
0.000000000000000000e+00
2.393785337325088580e+00
0.000000000000000000e+00
1.853248777409432613e+00
7.203630165704687727e+00
1.853248777408725401e+00
1.034830888663225679e+01
4.797554003223996055e+00
4.795602402459417490e+00
3.039273919705670846e+00
8.276126526638666547e+00
3.565782241297922095e+00
1.540320778980416083e+00
1.853248777408725401e+00
4.557058713964843299e+00
1.853248777409432613e+00
4.803391249330952739e+00
4.009537984014932555e+00
7.213512797628334638e+00
3.706497554818158235e+00
1.076139824414017099e+01
4.569991447660446404e+00
8.465100922040285525e+00
2.397508208254782502e+00
3.058281163815373738e+00
3.068599007924331268e+00
2.401015826858912572e+00
1.534903971705641634e+00
0.000000000000000000e+00
0.000000000000000000e+00
0.000000000000000000e+00
2.409700671339892963e+00
0.000000000000000000e+00
2.411613960598523843e+00
0.000000000000000000e+00
3.083635919398108882e+00
2.415232161910704445e+00
2.405662893520879031e+00
1.122734942968372884e+01
3.595889736519136459e+00
4.018732585616230146e+00
6.361838530421785265e+00
1.190746082932880334e+01
0.000000000000000000e+00
5.768171847343985803e+00
2.408741727425188106e+00
1.539120688211428778e+00
2.409509004818349176e+00
4.629040068307380906e+00
1.853248777408725401e+00
4.988313226611981399e+00
3.095548070822759179e+00
1.551617404955228929e+00
4.008840526085676537e+00
3.610696156656107103e+00
1.543311878858486974e+00
4.827613154284756902e+00
2.423523717540233768e+00
3.002328402585252931e+01
0.000000000000000000e+00
3.642280830258381119e+00
9.781826440572316983e+00
5.017997643756020310e+00
6.539208323107016163e+00
1.853248777410140047e+00
2.417316590243406615e+00
3.706497554818158235e+00
7.266075872707844496e+00
9.357172966900776601e+00
8.687191497012779706e+00
7.845338276522143772e+00
1.853248777410140047e+00
2.425949662854715694e+00
1.191573814340418913e+01
5.773268039447654765e+00
0.000000000000000000e+00
5.036728514018433245e+00
6.262462693925908042e+00
0.000000000000000000e+00
2.427622689944935797e+00
4.025827989760973225e+00
0.000000000000000000e+00
2.433711202073221447e+00
1.578744307228995947e+00
0.000000000000000000e+00
0.000000000000000000e+00
0.000000000000000000e+00
4.026830581251377161e+00
1.582683979540786767e+00
1.853248777409432613e+00
0.000000000000000000e+00
3.676420242653688941e+00
1.572785726164098508e+00
2.434627338499865346e+00
0.000000000000000000e+00
0.000000000000000000e+00
1.853248777409432613e+00
0.000000000000000000e+00
2.438819684087871309e+00
2.074304664824681055e+01
0.000000000000000000e+00
1.853248777408725401e+00
5.110575727120173717e+00
4.048278523164272968e+01
1.335380046651313890e+01
1.120039770845451166e+01
0.000000000000000000e+00
5.076017807427329664e+00
1.475985850105772634e+01
5.782121422971779445e+00
7.345622484184878509e+00
9.647894838834719877e+00
1.584084647539943269e+00
0.000000000000000000e+00
9.652884745063923688e+00
1.577896683035610037e+00
5.781510115373652781e+00
1.590761156402933363e+00
0.000000000000000000e+00
3.193626376337147299e+00
0.000000000000000000e+00
3.206140772170821940e+00
6.068572798998761897e+00
3.182075327943949095e+00
3.706497554818865225e+00
7.412995109637730451e+00
0.000000000000000000e+00
1.592693881412287071e+00
0.000000000000000000e+00
0.000000000000000000e+00
1.853248777408725401e+00
1.595169109209366720e+00
0.000000000000000000e+00
2.733759519303736596e+01
1.597360133808961358e+00
3.706497554818158235e+00
8.806187089518717315e+00
1.480163864279574426e+01
7.389517309140657630e+00
8.474225526257633589e+00
6.415525032543610173e+00
6.357506399821263088e+00
1.023434402266892640e+01
1.763394032693024371e+01
1.453453893220063264e+01
8.071013058652326322e+00
6.363044625605661864e+00
8.168876649019971126e+00
5.559746332227590848e+00
8.187655183140293502e+00
8.833308153601763024e+00
1.614311221585091216e+00
1.611656625130407194e+00
0.000000000000000000e+00
5.789626040207158653e+00
9.807264627440323679e+00
1.853248777409432613e+00
0.000000000000000000e+00
5.198342177563580080e+00
0.000000000000000000e+00
4.842139128763321310e+00
2.455219883765112687e+00
2.457314305101407470e+00
8.499567318845578257e+00
3.719715289413496162e+00
4.823751854076117063e+00
2.020171929638143382e+01
0.000000000000000000e+00
0.000000000000000000e+00
1.306665451383232401e+01
0.000000000000000000e+00
1.624273922443211227e+00
0.000000000000000000e+00
0.000000000000000000e+00
2.465244363834224739e+00
0.000000000000000000e+00
0.000000000000000000e+00
1.048035322516300383e+01
0.000000000000000000e+00
8.884721671550371624e+00
1.853248777409079118e+00
0.000000000000000000e+00
7.412995109637730451e+00
1.853248777410140047e+00
3.747409274550315583e+00
0.000000000000000000e+00
7.395220683506480874e+00
0.000000000000000000e+00
6.438587128609169596e+00
2.465073651859909010e+00
0.000000000000000000e+00
4.898294326781781116e+00
1.649785791780422173e+00
0.000000000000000000e+00
0.000000000000000000e+00
0.000000000000000000e+00
0.000000000000000000e+00
3.462875777477618300e+01
4.057381721788269502e+00
1.640854654454849681e+00
0.000000000000000000e+00
0.000000000000000000e+00
5.559746332227944343e+00
5.798904876532471775e+00
3.783760044669037814e+00
1.853248777409079118e+00
0.000000000000000000e+00
1.853248777409079118e+00
0.000000000000000000e+00
8.190448798153049381e+00
0.000000000000000000e+00
3.780754427979286625e+00
1.853248777409786330e+00
5.559746332227944343e+00
1.853248777409079118e+00
1.853248777409079118e+00
0.000000000000000000e+00
2.474349807878897689e+00
8.913804902880002601e+00
1.662128311737935071e+00
0.000000000000000000e+00
3.305933027463221485e+00
0.000000000000000000e+00
2.487421617156821974e+00
0.000000000000000000e+00
0.000000000000000000e+00
1.853248777409432613e+00
1.651256751616551277e+00
0.000000000000000000e+00
1.657090246237390874e+00
0.000000000000000000e+00
0.000000000000000000e+00
1.853248777409432613e+00
0.000000000000000000e+00
2.346928494732088311e+01
4.061139083609935696e+00
1.655397140569304870e+00
1.853248777409079118e+00
3.166561125367653062e+01
2.487101038299007083e+00
0.000000000000000000e+00
0.000000000000000000e+00
0.000000000000000000e+00
0.000000000000000000e+00
0.000000000000000000e+00
3.791861754864628065e+00
5.807948335699748554e+00
0.000000000000000000e+00
0.000000000000000000e+00
1.853248777409786330e+00
6.251932216188853531e+00
1.853248777409786330e+00
3.352820559594779759e+00
2.495330295071201743e+00
2.497197803722973397e+00
1.853248777409079118e+00
0.000000000000000000e+00
0.000000000000000000e+00
0.000000000000000000e+00
1.671320026987699325e+00
2.498590584694059480e+00
0.000000000000000000e+00
0.000000000000000000e+00
0.000000000000000000e+00
2.497352890104379330e+00
1.853248777409786330e+00
1.832777459669491549e+01
5.559746332227944343e+00
5.000720748014699346e+00
1.669919888116262241e+00
2.493607953417925405e+00
1.670387166492909525e+00
6.923417350930771264e+00
0.000000000000000000e+00
8.704676195065674804e+00
8.716001990250770604e+00
0.000000000000000000e+00
4.795211733356421036e+00
5.887700198445743993e+00
1.236668073675883406e+01
2.401792714802337692e+00
0.000000000000000000e+00
6.371852768099257602e+00
4.007209028284822061e+00
4.009305615949813273e+00
4.599267032297680302e+00
4.010466270299398950e+00
9.266243887046456962e+00
0.000000000000000000e+00
0.000000000000000000e+00
1.269252212218844100e+01
1.531269379769194083e+00
4.937006550775899782e+00
1.853248777408725401e+00
4.008607804874882774e+00
3.585581784098728519e+00
2.397508208254782502e+00
0.000000000000000000e+00
8.256296905903832695e+00
5.559746332227590848e+00
5.911133068284404324e+00
2.407011790935301931e+00
1.538519861319237014e+00
9.764444981874319751e+00
1.667923899668489440e+01
7.412995109637730451e+00
6.367025522343921828e+00
9.763687548425458829e+00
2.413140149722239780e+00
1.122734942968372884e+01
3.610696156655092359e+00
1.095789999429870676e+01
4.015307975943247953e+00
4.637978112394073982e+00
1.257495566396482900e+01
4.830274405931032078e+00
1.086132183469252510e+01
7.225072918609694028e+00
2.407781259031608556e+00
3.597429152651062001e+00
3.706497554818158235e+00
1.555680889416498935e+01
6.195835882424567842e+00
3.595376203818741789e+00
4.620062855186038320e+00
4.015651724543829459e+00
4.994120036665830042e+00
7.574182200368514195e+00
5.946119252298755598e+00
4.979988750488384852e+00
8.747639035583659961e+00
4.833308316176818664e+00
4.021564142125858332e+00
9.563078112279802312e+00
1.853248777409432613e+00
2.428179181454337421e+00
4.706342159396815994e+00
1.225727743175245088e+01
3.118475049297686486e+00
4.023589983275090987e+00
1.306657889298526953e+01
5.559746332229005716e+00
1.357104919142367194e+01
1.853248777408725401e+00
1.853248777408725401e+00
6.376177475991828381e+00
2.428735078724514995e+00
0.000000000000000000e+00
2.425949662853944311e+00
7.278965461578040141e+00
3.647220025948882505e+00
1.199747668189679750e+01
5.774292576371396812e+00
1.853248777408725401e+00
2.419393369067876165e+00
1.563882526232662107e+00
0.000000000000000000e+00
2.427065605482535915e+00
5.989964379264897332e+00
1.562724447819124451e+00
3.623325728589136929e+00
4.856172883879921187e+00
3.124289230251718230e+00
4.695115462125460937e+00
3.706497554818865225e+00
1.458986406818699066e+01
5.994019708016049108e+00
0.000000000000000000e+00
2.432241879168507204e+00
1.853248777409432613e+00
0.000000000000000000e+00
2.432793379560880265e+00
1.581841971507950806e+00
5.091811242167876728e+00
0.000000000000000000e+00
1.853248777409432613e+00
1.963003116195065445e+01
2.431505606582883505e+00
1.853248777408725401e+00
5.098088874864028064e+00
6.397542964495855244e+00
6.582921736673315039e+00
4.730293945038856585e+00
4.880357770511937865e+00
2.437365572903840150e+00
8.056768886725688361e+00
1.571929704118734117e+00
4.027719393673592663e+00
1.155693810016508927e+01
3.650173672857963680e+00
1.581279963532096877e+00
3.706497554818865225e+00
1.853248777409432613e+00
3.155227749154162709e+00
1.573925225617409884e+00
4.868705284964697455e+00
5.094168021517413436e+00
1.853248777408725401e+00
2.439363842774403324e+00
1.853248777409432613e+00
2.439726270895186566e+00
4.029931504997861680e+00
5.095737430197474715e+00
7.301683433669783341e+00
3.706497554818158235e+00
3.175421388842579962e+00
5.559746332228297838e+00
7.369589632422537839e+00
1.597360133806522864e+00
2.449051495169667803e+00
8.005868023914384679e+00
4.889362978241106994e+00
1.602258293229836816e+00
1.667923899668418741e+01
1.593244876004151767e+00
1.853248777409432613e+00
1.222743542901316438e+01
0.000000000000000000e+00
2.444591897813396919e+00
7.583889710585538069e+00
6.620518230027691686e+00
0.000000000000000000e+00
0.000000000000000000e+00
0.000000000000000000e+00
1.853248777409432613e+00
2.444771128857405440e+00
1.853248777409432613e+00
0.000000000000000000e+00
3.682169844576525630e+00
5.120653895188631566e+00
6.407473481652693259e+00
1.482225170101613720e+01
7.981328510324929404e+00
1.906236974725034372e+01
1.594620002829586936e+00
0.000000000000000000e+00
5.135274344585740280e+00
3.701114350023821942e+00
1.330330121119211562e+01
1.853248777408725401e+00
6.353066135596899144e+00
7.325684836012624324e+00
2.444771128857405440e+00
1.479975957136201181e+01
0.000000000000000000e+00
1.604421160972460791e+00
9.769783390276574053e+00
7.585770916861354074e+00
1.853248777408725401e+00
1.853248777409432613e+00
4.043736661912758379e+00
3.724769665636313842e+00
0.000000000000000000e+00
1.613781394349311782e+00
2.459398157878752489e+00
1.620887902954899928e+00
1.853248777409432613e+00
0.000000000000000000e+00
1.853248777409432613e+00
0.000000000000000000e+00
0.000000000000000000e+00
3.706497554818865225e+00
0.000000000000000000e+00
0.000000000000000000e+00
0.000000000000000000e+00
0.000000000000000000e+00
1.620364918370858165e+00
1.617478704641098997e+00
0.000000000000000000e+00
1.609790292152496471e+00
1.716029957253143934e+01
0.000000000000000000e+00
0.000000000000000000e+00
2.458704719187336352e+00
8.292522781315744496e+00
6.474120618257320992e+00
9.813513949984612239e+00
6.088405646149848138e+00
1.853248777408725401e+00
0.000000000000000000e+00
0.000000000000000000e+00
3.742026101388789439e+00
0.000000000000000000e+00
0.000000000000000000e+00
2.466267051680611555e+00
9.266243887046456962e+00
1.853248777409432613e+00
2.468304252413810129e+00
1.625828869545700162e+00
0.000000000000000000e+00
4.049779130514600034e+00
0.000000000000000000e+00
4.929634817397738011e+00
0.000000000000000000e+00
1.853248777409079118e+00
0.000000000000000000e+00
0.000000000000000000e+00
2.467626399735073139e+00
0.000000000000000000e+00
1.622974353405107983e+00
5.795150267713456316e+00
0.000000000000000000e+00
2.472010602905273746e+00
8.114871767020582993e+00
2.468473525406279734e+00
1.853248777409432613e+00
1.629437811353164456e+00
1.635054383754467322e+00
1.816481708414683993e+01
1.853248777409079118e+00
0.000000000000000000e+00
0.000000000000000000e+00
0.000000000000000000e+00
1.643104346589632447e+00
0.000000000000000000e+00
0.000000000000000000e+00
1.646828800000851745e+00
2.477004555984072542e+00
0.000000000000000000e+00
0.000000000000000000e+00
0.000000000000000000e+00
2.471171508183480192e+00
1.853248777409432613e+00
0.000000000000000000e+00
5.799254786563372122e+00
0.000000000000000000e+00
3.766435290042854600e+00
0.000000000000000000e+00
0.000000000000000000e+00
7.412995109637376956e+00
0.000000000000000000e+00
3.791012833655236669e+00
0.000000000000000000e+00
2.484847966432701227e+00
0.000000000000000000e+00
0.000000000000000000e+00
0.000000000000000000e+00
0.000000000000000000e+00
1.853248777409079118e+00
0.000000000000000000e+00
1.853248777409786330e+00
2.489656606000863359e+00
1.652966513732241793e+00
1.658536011498745077e+00
5.804343907178681761e+00
0.000000000000000000e+00
0.000000000000000000e+00
4.065311343628529528e+00
2.492191359754002633e+00
0.000000000000000000e+00
1.675489879836679741e+00
5.559746332227944343e+00
2.501049933937939507e+00
5.036104042230099331e+00
0.000000000000000000e+00
0.000000000000000000e+00
0.000000000000000000e+00
0.000000000000000000e+00
0.000000000000000000e+00
5.559746332227590848e+00
1.853248777409432613e+00
1.682563552747364577e+00
1.853248777409079118e+00
2.509635520814424758e+00
1.682563552746080271e+00
4.072841360722475379e+00
3.853657979472984163e+00
0.000000000000000000e+00
1.679841555743914361e+00
1.683691669267226576e+00
2.505452573622261703e+00
1.520656381070930152e+01
4.070240895946281690e+00
5.808670910920844754e+00
1.864379778140772359e+01
5.559746332227944343e+00
1.684366829726592796e+00
1.686831439808876620e+00
5.388224256236171072e+00
7.002795351044200700e+00
5.397623353798186585e+00
1.008348956164747179e+01
0.000000000000000000e+00
5.008943858154356832e+00
0.000000000000000000e+00
0.000000000000000000e+00
0.000000000000000000e+00
1.853248777409432613e+00
0.000000000000000000e+00
2.986019146987401029e+01
4.072009669827148848e+00
1.687500609864882151e+00
1.853248777409786330e+00
4.070427908202883138e+00
1.685489246419597853e+00
1.853248777409786330e+00
1.682563552747364577e+00
1.492123593758259581e+01
2.511260404233019106e+00
1.683015226604696046e+00
5.808342963261389436e+00
1.853248777409079118e+00
2.509783668488244857e+00
0.000000000000000000e+00
3.846623915328367449e+00
3.857532372410463761e+00
2.508744828725586462e+00
1.853248777409786330e+00
0.000000000000000000e+00
1.853248777409786330e+00
5.395750604748291046e+00
0.000000000000000000e+00
2.506804403462560504e+00
2.506204442587841807e+00
1.691268284386763465e+00
7.510463028515722783e+00
0.000000000000000000e+00
0.000000000000000000e+00
2.502880337235923847e+00
1.880288309332308927e+01
0.000000000000000000e+00
3.865971662199378045e+00
0.000000000000000000e+00
1.853248777409079118e+00
4.078639611761851747e+00
1.703810894339984339e+00
1.340885231575381908e+01
5.559746332227944343e+00
4.079349879810771462e+00
5.033729580372590995e+00
4.075039684902002080e+00
7.033318496733888203e+00
1.853248777409432613e+00
9.000051197823941251e+00
3.397789863672420196e+00
1.701255545648153955e+00
5.559746332228297838e+00
0.000000000000000000e+00
3.706497554818865225e+00
2.516648895349458126e+00
2.517511435765413363e+00
1.853248777409079118e+00
1.697816173959707298e+00
1.701469283547528910e+00
3.706497554818511730e+00
6.786935298096032909e+00
4.078104772234671493e+00
3.870147649807370804e+00
1.939392015570350480e+01
1.710188257753678798e+01
7.606751862039252465e+00
5.812731171289346577e+00
8.991259990205584529e+00
4.078550598931104609e+00
3.407197482239526565e+00
5.440311859569209041e+00
2.510818289581957963e+00
0.000000000000000000e+00
2.515059375932066299e+00
1.696082691868664005e+00
6.789534660173528025e+00
0.000000000000000000e+00
1.162854673584023679e+01
2.513896721802459044e+00
1.853248777409079118e+00
5.559746332227944343e+00
1.853248777409079118e+00
7.745202920839157734e+00
1.853248777409079118e+00
0.000000000000000000e+00
0.000000000000000000e+00
0.000000000000000000e+00
1.093171555743210099e+01
4.084998354785395414e+00
5.040301889695427029e+00
3.706497554818865225e+00
7.607924404982923328e+00
2.526237738262543164e+00
1.385433420705868457e+01
2.083366111593245051e+01
4.081809968203692129e+00
8.542208793100323660e+00
0.000000000000000000e+00
4.083972141765669583e+00
5.043130249940034560e+00
3.706497554818865225e+00
6.329672245685046050e+00
5.038881066109547113e+00
0.000000000000000000e+00
1.714439146561712146e+00
6.526549878384953374e+00
0.000000000000000000e+00
1.853248777409079118e+00
2.519511710398360638e+00
4.081548321564461013e+00
5.048176472136893800e+00
0.000000000000000000e+00
1.153055697460161078e+01
0.000000000000000000e+00
0.000000000000000000e+00
1.853248777409079118e+00
5.459760961811294777e+00
2.525408243896673621e+00
1.163128091089961913e+01
1.026935437104874360e+01
5.559746332227944343e+00
1.853248777409079118e+00
1.853248777409079118e+00
4.085593470118124237e+00
0.000000000000000000e+00
5.063234798625742883e+00
1.729770107364787757e+00
1.853248777409079118e+00
2.527750063677356884e+00
1.853248777409432613e+00
0.000000000000000000e+00
6.366119797170877170e+00
1.274561584242828793e+01
1.164057802054928104e+01
2.528433875301570044e+00
5.820906304095485595e+00
6.549343132184685778e+00
9.266243887046456962e+00
0.000000000000000000e+00
1.108578405534052536e+01
0.000000000000000000e+00
0.000000000000000000e+00
0.000000000000000000e+00
0.000000000000000000e+00
0.000000000000000000e+00
0.000000000000000000e+00
1.751929827814109553e+00
3.706497554818511730e+00
1.853248777409079118e+00
2.548857561380269310e+00
0.000000000000000000e+00
0.000000000000000000e+00
0.000000000000000000e+00
0.000000000000000000e+00
7.280934203045294595e+00
3.508753167889916647e+00
5.559746332227944343e+00
0.000000000000000000e+00
0.000000000000000000e+00
