5.346666666666666856e+01 1.223666666666666600e+02
5.231666666666666998e+01 1.247166666666666686e+02
5.204999999999999716e+01 1.236666666666666714e+02
5.170000000000000284e+01 1.243333333333333286e+02
5.021666666666666856e+01 1.202000000000000028e+02
5.068333333333333002e+01 1.219500000000000028e+02
5.050000000000000000e+01 1.214666666666666686e+02
5.039999999999999858e+01 1.241166666666666600e+02
5.058333333333333570e+01 1.237333333333333343e+02
5.025000000000000000e+01 1.274500000000000028e+02
4.956666666666666998e+01 1.174333333333333371e+02
4.931666666666666998e+01 1.194333333333333371e+02
4.914999999999999858e+01 1.197500000000000000e+02
4.921666666666666856e+01 1.197500000000000000e+02
4.920000000000000284e+01 1.237166666666666686e+02
4.916666666666666430e+01 1.252333333333333343e+02
4.958333333333333570e+01 1.284499999999999886e+02
4.866666666666666430e+01 1.168166666666666629e+02
4.821666666666666856e+01 1.182666666666666657e+02
4.876666666666666572e+01 1.219166666666666714e+02
4.800000000000000000e+01 1.227333333333333343e+02
4.846666666666666856e+01 1.244833333333333343e+02
4.848333333333333428e+01 1.248499999999999943e+02
4.811666666666666714e+01 1.234833333333333343e+02
4.850000000000000000e+01 1.261833333333333371e+02
4.828333333333333144e+01 1.265166666666666657e+02
4.804999999999999716e+01 1.258833333333333400e+02
4.888333333333333286e+01 1.304000000000000057e+02
4.856666666666666998e+01 1.294333333333333371e+02
4.716666666666666430e+01 1.199500000000000028e+02
4.733333333333333570e+01 1.231833333333333371e+02
4.793333333333333002e+01 1.235000000000000000e+02
4.779999999999999716e+01 1.244833333333333343e+02
4.789999999999999858e+01 1.252999999999999972e+02
4.760000000000000142e+01 1.260999999999999943e+02
4.743333333333333002e+01 1.269666666666666686e+02
4.716666666666666430e+01 1.259000000000000057e+02
4.811666666666666714e+01 1.292500000000000000e+02
4.771666666666666856e+01 1.289000000000000057e+02
4.736666666666666714e+01 1.303333333333333428e+02
4.756666666666666998e+01 1.308333333333333428e+02
4.764999999999999858e+01 1.325000000000000000e+02
4.836666666666666714e+01 1.342833333333333314e+02
4.723333333333333428e+01 1.319833333333333201e+02
4.671666666666666856e+01 1.220833333333333286e+02
4.671666666666666856e+01 1.229000000000000057e+02
4.661666666666666714e+01 1.212333333333333343e+02
4.608333333333333570e+01 1.220499999999999972e+02
4.639999999999999858e+01 1.234166666666666714e+02
4.668333333333333002e+01 1.260999999999999943e+02
4.686666666666666714e+01 1.264833333333333343e+02
4.661666666666666714e+01 1.269666666666666686e+02
4.638333333333333286e+01 1.253166666666666629e+02
4.606666666666666998e+01 1.259666666666666686e+02
4.688333333333333286e+01 1.274833333333333343e+02
4.698333333333333428e+01 1.280166666666666799e+02
4.608333333333333570e+01 1.273499999999999943e+02
4.629999999999999716e+01 1.295833333333333428e+02
4.701666666666666572e+01 1.307166666666666686e+02
4.620000000000000284e+01 1.305166666666666799e+02
4.671666666666666856e+01 1.311333333333333258e+02
4.663333333333333286e+01 1.311500000000000057e+02
4.631666666666666998e+01 1.321833333333333371e+02
4.679999999999999716e+01 1.340000000000000000e+02
4.573333333333333428e+01 1.184166666666666714e+02
4.506666666666666998e+01 1.203333333333333286e+02
4.539999999999999858e+01 1.215499999999999972e+02
4.504999999999999716e+01 1.214666666666666686e+02
4.570000000000000284e+01 1.252500000000000000e+02
4.575000000000000000e+01 1.267666666666666657e+02
4.550000000000000000e+01 1.250833333333333286e+02
4.538333333333333286e+01 1.262999999999999972e+02
4.578333333333333144e+01 1.274500000000000028e+02
4.596666666666666856e+01 1.287333333333333201e+02
4.583333333333333570e+01 1.288000000000000114e+02
4.545000000000000284e+01 1.283166666666666629e+02
4.521666666666666856e+01 1.279666666666666686e+02
4.575000000000000000e+01 1.305500000000000114e+02
4.528333333333333144e+01 1.309499999999999886e+02
4.576666666666666572e+01 1.329666666666666686e+02
4.743333333333333002e+01 8.586666666666666003e+01
4.770000000000000284e+01 8.686666666666666003e+01
4.711666666666666714e+01 8.750000000000000000e+01
4.698333333333333428e+01 8.951666666666666572e+01
4.673333333333333428e+01 8.300000000000000000e+01
4.620000000000000284e+01 8.293333333333333712e+01
4.654999999999999716e+01 8.365000000000000568e+01
4.678333333333333144e+01 8.571666666666666856e+01
4.489999999999999858e+01 8.206666666666666288e+01
4.560000000000000142e+01 8.484999999999999432e+01
4.536666666666666714e+01 9.053333333333333144e+01
4.423333333333333428e+01 8.048333333333333428e+01
4.496666666666666856e+01 8.101666666666666572e+01
4.461666666666666714e+01 8.290000000000000568e+01
4.443333333333333002e+01 8.466666666666667140e+01
4.501666666666666572e+01 8.609999999999999432e+01
4.404999999999999716e+01 8.561666666666666003e+01
4.431666666666666998e+01 8.620000000000000284e+01
4.401666666666666572e+01 8.729999999999999716e+01
4.396666666666666856e+01 8.765000000000000568e+01
4.416666666666666430e+01 8.791666666666667140e+01
4.401666666666666572e+01 8.956666666666666288e+01
4.383333333333333570e+01 8.115000000000000568e+01
4.396666666666666856e+01 8.153333333333333144e+01
4.345000000000000284e+01 8.329999999999999716e+01
4.318333333333333002e+01 8.176666666666666572e+01
4.356666666666666998e+01 8.709999999999999432e+01
4.266666666666666430e+01 8.633333333333332860e+01
4.328333333333333144e+01 8.711666666666666003e+01
4.335000000000000142e+01 8.831666666666666288e+01
4.348333333333333428e+01 9.163333333333333997e+01
4.223333333333333428e+01 8.821666666666666856e+01
4.231666666666666998e+01 8.640000000000000568e+01
4.208333333333333570e+01 8.656666666666666288e+01
4.225000000000000000e+01 8.679999999999999716e+01
4.279999999999999716e+01 8.863333333333333997e+01
4.293333333333333002e+01 8.920000000000000284e+01
4.285000000000000142e+01 9.023333333333333428e+01
4.116666666666666430e+01 8.023333333333333428e+01
4.178333333333333144e+01 8.190000000000000568e+01
4.153333333333333144e+01 8.261666666666666003e+01
4.123333333333333428e+01 8.278333333333333144e+01
4.178333333333333144e+01 8.425000000000000000e+01
4.171666666666666856e+01 8.295000000000000284e+01
4.175000000000000000e+01 8.613333333333333997e+01
3.970000000000000284e+01 7.520000000000000284e+01
3.950000000000000000e+01 7.673333333333333428e+01
4.093333333333333002e+01 7.845000000000000284e+01
3.979999999999999716e+01 7.856666666666666288e+01
4.050000000000000000e+01 7.904999999999999716e+01
4.063333333333333286e+01 8.770000000000000284e+01
3.903333333333333144e+01 8.816666666666667140e+01
3.893333333333333002e+01 7.616666666666667140e+01
3.891666666666666430e+01 7.763333333333333997e+01
3.843333333333333002e+01 7.726666666666666572e+01
3.791666666666666430e+01 7.740000000000000568e+01
3.761666666666666714e+01 7.828333333333333144e+01
3.701666666666666572e+01 8.079999999999999716e+01
3.728333333333333144e+01 7.971666666666666856e+01
3.713333333333333286e+01 7.993333333333333712e+01
3.708333333333333570e+01 8.016666666666667140e+01
3.706666666666666998e+01 8.271666666666666856e+01
3.814999999999999858e+01 8.554999999999999716e+01
3.835000000000000142e+01 9.021666666666666856e+01
3.686666666666666714e+01 8.166666666666667140e+01
4.373333333333333428e+01 9.306666666666666288e+01
4.376666666666666572e+01 9.513333333333333997e+01
4.326666666666666572e+01 9.470000000000000284e+01
4.153333333333333144e+01 9.466666666666667140e+01
4.158333333333333570e+01 9.688333333333333997e+01
4.136666666666666714e+01 1.023666666666666600e+02
4.014999999999999858e+01 9.468333333333333712e+01
4.053333333333333144e+01 9.576666666666666572e+01
4.026666666666666572e+01 9.703333333333333144e+01
4.029999999999999716e+01 9.951666666666666572e+01
4.000000000000000000e+01 9.890000000000000568e+01
3.951666666666666572e+01 9.488333333333333997e+01
3.976666666666666572e+01 9.848333333333333428e+01
3.936666666666666714e+01 9.983333333333332860e+01
3.914999999999999858e+01 1.001666666666666714e+02
3.929999999999999716e+01 1.027000000000000028e+02
3.921666666666666856e+01 1.016833333333333371e+02
3.804999999999999716e+01 1.051333333333333400e+02
3.881666666666666998e+01 9.841666666666667140e+01
3.883333333333333570e+01 9.961666666666666003e+01
3.893333333333333002e+01 1.004333333333333371e+02
3.845000000000000284e+01 1.008166666666666629e+02
3.879999999999999716e+01 1.010833333333333286e+02
3.823333333333333428e+01 1.019666666666666686e+02
3.791666666666666430e+01 1.026666666666666714e+02
3.863333333333333286e+01 1.030833333333333286e+02
3.736666666666666714e+01 9.736666666666666003e+01
3.748333333333333428e+01 1.029000000000000057e+02
3.720000000000000284e+01 1.028666666666666600e+02
3.718333333333333002e+01 1.040499999999999972e+02
3.629999999999999716e+01 9.809999999999999432e+01
3.668333333333333002e+01 1.012333333333333343e+02
3.681666666666666998e+01 1.019500000000000028e+02
3.651666666666666572e+01 1.015666666666666629e+02
3.631666666666666998e+01 1.028499999999999943e+02
3.610000000000000142e+01 1.022666666666666657e+02
3.635000000000000142e+01 1.039333333333333371e+02
3.660000000000000142e+01 1.033666666666666600e+02
3.604999999999999716e+01 1.038833333333333400e+02
3.656666666666666998e+01 1.046833333333333371e+02
3.654999999999999716e+01 1.041833333333333371e+02
3.558333333333333570e+01 9.998333333333333428e+01
3.558333333333333570e+01 1.007500000000000000e+02
3.526666666666666572e+01 1.006500000000000057e+02
3.583333333333333570e+01 1.025499999999999972e+02
3.551666666666666572e+01 1.020166666666666657e+02
3.520000000000000284e+01 1.025166666666666657e+02
3.596666666666666856e+01 1.032999999999999972e+02
3.566666666666666430e+01 1.034000000000000057e+02
3.548333333333333428e+01 1.035666666666666629e+02
3.586666666666666714e+01 1.041500000000000057e+02
3.558333333333333570e+01 1.031833333333333371e+02
3.543333333333333002e+01 1.033499999999999943e+02
3.536666666666666714e+01 1.038666666666666600e+02
3.536666666666666714e+01 1.037166666666666686e+02
3.568333333333333002e+01 1.050833333333333286e+02
3.558333333333333570e+01 1.046166666666666600e+02
3.538333333333333286e+01 1.050000000000000000e+02
3.513333333333333286e+01 1.042333333333333343e+02
4.364999999999999858e+01 1.120000000000000000e+02
4.461666666666666714e+01 1.141500000000000057e+02
4.253333333333333144e+01 1.101333333333333400e+02
4.401666666666666572e+01 1.149500000000000028e+02
4.383333333333333570e+01 1.137166666666666686e+02
4.145000000000000284e+01 1.063833333333333400e+02
4.271666666666666856e+01 1.127000000000000028e+02
4.223333333333333428e+01 1.138333333333333286e+02
4.145000000000000284e+01 1.070166666666666657e+02
4.110000000000000142e+01 1.082833333333333314e+02
4.176666666666666572e+01 1.099666666666666686e+02
4.101666666666666572e+01 1.091333333333333400e+02
4.170000000000000284e+01 1.104333333333333371e+02
4.103333333333333144e+01 1.100499999999999972e+02
4.131666666666666998e+01 1.112333333333333343e+02
4.110000000000000142e+01 1.114500000000000028e+02
4.129999999999999716e+01 1.126166666666666600e+02
4.185000000000000142e+01 1.145999999999999943e+02
4.106666666666666998e+01 1.139500000000000028e+02
4.114999999999999858e+01 1.147000000000000028e+02
4.033333333333333570e+01 1.070000000000000000e+02
4.073333333333333428e+01 1.086500000000000057e+02
4.066666666666666430e+01 1.098499999999999943e+02
4.039999999999999858e+01 1.100333333333333314e+02
4.068333333333333002e+01 1.111500000000000057e+02
4.086666666666666714e+01 1.125666666666666629e+02
4.051666666666666572e+01 1.125166666666666657e+02
4.000000000000000000e+01 1.124500000000000028e+02
4.103333333333333144e+01 1.130666666666666629e+02
4.079999999999999716e+01 1.132166666666666686e+02
4.088333333333333286e+01 1.138666666666666600e+02
4.043333333333333002e+01 1.130999999999999943e+02
4.036666666666666714e+01 1.137666666666666657e+02
4.010000000000000142e+01 1.133333333333333286e+02
4.003333333333333144e+01 1.135833333333333286e+02
4.043333333333333002e+01 1.140499999999999972e+02
4.068333333333333002e+01 1.144000000000000057e+02
4.056666666666666998e+01 1.150333333333333314e+02
4.086666666666666714e+01 1.147333333333333343e+02
3.978333333333333144e+01 1.057500000000000000e+02
3.968333333333333002e+01 1.067999999999999972e+02
3.923333333333333428e+01 1.063166666666666629e+02
3.900000000000000000e+01 1.063833333333333400e+02
4.004999999999999716e+01 1.078499999999999943e+02
3.910000000000000142e+01 1.079833333333333343e+02
3.985000000000000142e+01 1.087333333333333343e+02
3.983333333333333570e+01 1.099833333333333343e+02
3.956666666666666998e+01 1.097333333333333343e+02
3.910000000000000142e+01 1.090333333333333314e+02
3.966666666666666430e+01 1.108666666666666600e+02
3.991666666666666430e+01 1.116666666666666714e+02
3.938333333333333286e+01 1.111500000000000057e+02
3.943333333333333002e+01 1.115000000000000000e+02
4.000000000000000000e+01 1.127000000000000028e+02
3.951666666666666572e+01 1.122666666666666657e+02
3.908333333333333570e+01 1.121833333333333371e+02
3.950000000000000000e+01 1.128166666666666629e+02
3.900000000000000000e+01 1.122833333333333314e+02
3.929999999999999716e+01 1.124333333333333371e+02
3.901666666666666572e+01 1.129000000000000057e+02
3.981666666666666998e+01 1.130999999999999943e+02
3.971666666666666856e+01 1.136833333333333371e+02
3.954999999999999716e+01 1.131833333333333371e+02
3.916666666666666430e+01 1.132666666666666657e+02
3.975000000000000000e+01 1.142666666666666657e+02
3.983333333333333570e+01 1.145666666666666629e+02
3.945000000000000284e+01 1.141833333333333371e+02
3.883333333333333570e+01 1.151500000000000057e+02
3.936666666666666714e+01 1.146833333333333371e+02
3.883333333333333570e+01 1.056666666666666714e+02
3.854999999999999716e+01 1.063499999999999943e+02
3.891666666666666430e+01 1.065499999999999972e+02
3.798333333333333428e+01 1.061833333333333371e+02
3.848333333333333428e+01 1.062166666666666686e+02
3.881666666666666998e+01 1.066833333333333371e+02
3.801666666666666572e+01 1.060666666666666629e+02
3.825000000000000000e+01 1.062333333333333343e+02
3.811666666666666714e+01 1.062999999999999972e+02
3.860000000000000142e+01 1.088333333333333286e+02
3.796666666666666856e+01 1.110000000000000000e+02
3.898333333333333428e+01 1.111166666666666600e+02
3.871666666666666856e+01 1.115833333333333286e+02
3.891666666666666430e+01 1.118166666666666629e+02
3.846666666666666856e+01 1.111333333333333400e+02
3.833333333333333570e+01 1.116333333333333400e+02
3.835000000000000142e+01 1.119333333333333371e+02
3.806666666666666998e+01 1.117833333333333314e+02
3.875000000000000000e+01 1.127000000000000028e+02
3.841666666666666430e+01 1.127166666666666686e+02
3.850000000000000000e+01 1.129833333333333343e+02
3.793333333333333002e+01 1.124833333333333343e+02
3.806666666666666998e+01 1.126666666666666714e+02
3.773333333333333428e+01 1.125499999999999972e+02
3.829999999999999716e+01 1.143666666666666600e+02
3.883333333333333570e+01 1.133666666666666600e+02
3.863333333333333286e+01 1.146833333333333371e+02
3.806666666666666998e+01 1.134166666666666714e+02
3.778333333333333144e+01 1.136333333333333400e+02
3.843333333333333002e+01 1.145499999999999972e+02
3.801666666666666572e+01 1.150666666666666629e+02
3.883333333333333570e+01 1.142333333333333343e+02
3.814999999999999858e+01 1.145499999999999972e+02
3.876666666666666572e+01 1.149833333333333343e+02
3.803333333333333144e+01 1.141333333333333400e+02
3.829999999999999716e+01 1.142000000000000028e+02
3.835000000000000142e+01 1.146833333333333371e+02
3.851666666666666572e+01 1.150166666666666657e+02
3.801666666666666572e+01 1.148333333333333286e+02
3.803333333333333144e+01 1.144166666666666714e+02
3.820000000000000284e+01 1.149666666666666686e+02
3.753333333333333144e+01 1.051833333333333371e+02
3.748333333333333428e+01 1.056666666666666714e+02
3.693333333333333002e+01 1.052500000000000000e+02
3.778333333333333144e+01 1.074000000000000057e+02
3.716666666666666430e+01 1.071166666666666600e+02
3.808333333333333570e+01 1.077500000000000000e+02
3.785000000000000142e+01 1.087166666666666686e+02
3.718333333333333002e+01 1.097000000000000028e+02
3.743333333333333002e+01 1.108833333333333400e+02
3.711666666666666714e+01 1.101166666666666600e+02
3.698333333333333428e+01 1.108333333333333286e+02
3.791666666666666430e+01 1.121666666666666714e+02
3.750000000000000000e+01 1.110999999999999943e+02
3.733333333333333570e+01 1.111666666666666714e+02
3.714999999999999858e+01 1.117500000000000000e+02
3.725000000000000000e+01 1.117833333333333314e+02
3.735000000000000142e+01 1.123499999999999943e+02
3.745000000000000284e+01 1.120499999999999972e+02
3.633333333333333570e+01 1.146166666666666600e+02
3.761666666666666714e+01 1.123333333333333286e+02
3.741666666666666430e+01 1.125833333333333286e+02
3.768333333333333002e+01 1.127666666666666657e+02
3.753333333333333144e+01 1.121500000000000057e+02
3.718333333333333002e+01 1.122166666666666686e+02
3.789999999999999858e+01 1.131666666666666714e+02
3.686666666666666714e+01 1.145000000000000000e+02
3.785000000000000142e+01 1.135499999999999972e+02
3.760000000000000142e+01 1.137000000000000028e+02
3.776666666666666572e+01 1.147333333333333343e+02
3.748333333333333428e+01 1.146833333333333371e+02
3.708333333333333570e+01 1.133666666666666600e+02
3.706666666666666998e+01 1.129833333333333343e+02
3.733333333333333570e+01 1.135666666666666629e+02
3.788333333333333286e+01 1.146333333333333400e+02
3.760000000000000142e+01 1.145999999999999943e+02
3.775000000000000000e+01 1.145333333333333314e+02
3.753333333333333144e+01 1.144333333333333371e+02
3.735000000000000142e+01 1.147666666666666657e+02
3.764999999999999858e+01 1.143666666666666600e+02
3.763333333333333286e+01 1.149166666666666714e+02
3.729999999999999716e+01 1.145166666666666657e+02
3.706666666666666998e+01 1.145000000000000000e+02
3.723333333333333428e+01 1.149833333333333343e+02
3.656666666666666998e+01 1.056500000000000057e+02
3.698333333333333428e+01 1.059166666666666714e+02
3.600000000000000000e+01 1.062666666666666657e+02
3.658333333333333570e+01 1.072999999999999972e+02
3.598333333333333428e+01 1.079000000000000057e+02
3.688333333333333286e+01 1.093166666666666629e+02
3.688333333333333286e+01 1.101833333333333371e+02
3.675000000000000000e+01 1.106333333333333400e+02
3.670000000000000284e+01 1.109500000000000028e+02
3.646666666666666856e+01 1.107500000000000000e+02
3.606666666666666998e+01 1.101833333333333371e+02
3.610000000000000142e+01 1.106833333333333371e+02
3.698333333333333428e+01 1.111666666666666714e+02
3.588333333333333286e+01 1.114166666666666714e+02
3.685000000000000142e+01 1.117999999999999972e+02
3.704999999999999716e+01 1.119333333333333371e+02
3.639999999999999858e+01 1.110999999999999943e+02
3.664999999999999858e+01 1.115499999999999972e+02
3.623333333333333428e+01 1.116666666666666714e+02
3.606666666666666998e+01 1.115000000000000000e+02
3.658333333333333570e+01 1.117166666666666686e+02
3.683333333333333570e+01 1.128499999999999943e+02
3.676666666666666572e+01 1.126833333333333371e+02
3.611666666666666714e+01 1.128666666666666600e+02
3.626666666666666572e+01 1.119166666666666714e+02
3.651666666666666572e+01 1.123499999999999943e+02
3.616666666666666430e+01 1.122500000000000000e+02
3.631666666666666998e+01 1.128833333333333400e+02
3.633333333333333570e+01 1.132333333333333343e+02
3.729999999999999716e+01 1.064833333333333343e+02
3.604999999999999716e+01 1.130666666666666629e+02
3.713333333333333286e+01 1.147000000000000028e+02
3.651666666666666572e+01 1.130333333333333314e+02
3.613333333333333286e+01 1.132000000000000028e+02
3.656666666666666998e+01 1.136666666666666714e+02
3.620000000000000284e+01 1.134333333333333371e+02
3.606666666666666998e+01 1.138166666666666629e+02
3.671666666666666856e+01 1.142000000000000028e+02
3.700000000000000000e+01 1.146833333333333371e+02
3.660000000000000142e+01 1.145000000000000000e+02
3.676666666666666572e+01 1.149500000000000028e+02
3.641666666666666430e+01 1.142166666666666686e+02
3.676666666666666572e+01 1.145000000000000000e+02
3.635000000000000142e+01 1.149500000000000028e+02
3.638333333333333286e+01 1.144000000000000057e+02
3.611666666666666714e+01 1.143666666666666600e+02
3.648333333333333428e+01 1.149666666666666686e+02
3.596666666666666856e+01 1.057166666666666686e+02
3.551666666666666572e+01 1.057166666666666686e+02
3.566666666666666430e+01 1.062000000000000028e+02
3.561666666666666714e+01 1.060999999999999943e+02
3.554999999999999716e+01 1.066666666666666714e+02
3.548333333333333428e+01 1.063333333333333286e+02
3.521666666666666856e+01 1.060499999999999972e+02
3.573333333333333428e+01 1.076333333333333400e+02
3.514999999999999858e+01 1.074000000000000057e+02
3.568333333333333002e+01 1.071833333333333371e+02
3.533333333333333570e+01 1.073499999999999943e+02
3.521666666666666856e+01 1.066333333333333400e+02
3.529999999999999716e+01 1.070166666666666657e+02
3.645000000000000284e+01 1.079833333333333343e+02
3.581666666666666998e+01 1.080166666666666657e+02
3.550000000000000000e+01 1.083499999999999943e+02
3.541666666666666430e+01 1.080000000000000000e+02
3.596666666666666856e+01 1.108499999999999943e+02
3.558333333333333570e+01 1.109500000000000028e+02
3.539999999999999858e+01 1.108333333333333286e+02
3.561666666666666714e+01 1.107166666666666686e+02
3.514999999999999858e+01 1.107166666666666686e+02
3.503333333333333144e+01 1.110166666666666657e+02
3.564999999999999858e+01 1.114833333333333343e+02
3.573333333333333428e+01 1.117000000000000028e+02
3.564999999999999858e+01 1.113666666666666600e+02
3.561666666666666714e+01 1.112166666666666686e+02
3.551666666666666572e+01 1.115666666666666629e+02
3.598333333333333428e+01 1.118333333333333286e+02
3.533333333333333570e+01 1.112000000000000028e+02
3.516666666666666430e+01 1.117999999999999972e+02
3.570000000000000284e+01 1.121833333333333371e+02
3.511666666666666714e+01 1.129166666666666714e+02
3.578333333333333144e+01 1.129166666666666714e+02
3.561666666666666714e+01 1.141833333333333371e+02
3.548333333333333428e+01 1.124000000000000057e+02
3.546666666666666856e+01 1.128333333333333286e+02
3.510000000000000142e+01 1.126333333333333400e+02
3.518333333333333002e+01 1.130499999999999972e+02
3.578333333333333144e+01 1.132666666666666657e+02
3.523333333333333428e+01 1.132666666666666657e+02
3.504999999999999716e+01 1.144333333333333371e+02
3.523333333333333428e+01 1.134166666666666714e+02
3.545000000000000284e+01 1.138166666666666629e+02
3.531666666666666998e+01 1.138833333333333400e+02
3.511666666666666714e+01 1.133666666666666600e+02
3.526666666666666572e+01 1.136666666666666714e+02
3.504999999999999716e+01 1.139500000000000028e+02
3.593333333333333002e+01 1.143499999999999943e+02
3.566666666666666430e+01 1.145166666666666657e+02
3.593333333333333002e+01 1.149166666666666714e+02
3.558333333333333570e+01 1.145000000000000000e+02
3.645000000000000284e+01 1.147000000000000028e+02
3.514999999999999858e+01 1.141833333333333371e+02
3.520000000000000284e+01 1.146666666666666714e+02
4.456666666666666998e+01 1.209000000000000057e+02
4.488333333333333286e+01 1.218166666666666629e+02
4.413333333333333286e+01 1.232999999999999972e+02
4.425000000000000000e+01 1.239666666666666686e+02
4.489999999999999858e+01 1.271500000000000057e+02
4.458333333333333570e+01 1.294000000000000057e+02
4.493333333333333002e+01 1.305500000000000114e+02
4.456666666666666998e+01 1.295999999999999943e+02
4.433333333333333570e+01 1.294666666666666686e+02
4.410000000000000142e+01 1.311833333333333371e+02
4.395000000000000284e+01 1.160666666666666629e+02
4.353333333333333144e+01 1.186500000000000057e+02
4.360000000000000142e+01 1.180666666666666629e+02
4.325000000000000000e+01 1.175333333333333314e+02
4.388333333333333286e+01 1.200499999999999972e+02
4.360000000000000142e+01 1.212833333333333314e+02
4.360000000000000142e+01 1.222666666666666657e+02
4.229999999999999716e+01 1.150000000000000000e+02
4.225000000000000000e+01 1.159833333333333343e+02
4.218333333333333002e+01 1.164666666666666686e+02
4.295000000000000284e+01 1.190333333333333314e+02
4.285000000000000142e+01 1.206500000000000057e+02
4.228333333333333144e+01 1.199166666666666714e+02
4.233333333333333570e+01 1.207000000000000028e+02
4.296666666666666856e+01 1.223499999999999943e+02
4.273333333333333428e+01 1.217833333333333314e+02
4.241666666666666430e+01 1.225333333333333314e+02
4.210000000000000142e+01 1.249500000000000028e+02
4.276666666666666572e+01 1.294000000000000057e+02
4.166666666666666430e+01 1.157000000000000028e+02
4.096666666666666856e+01 1.152833333333333314e+02
4.188333333333333286e+01 1.152666666666666657e+02
4.121666666666666856e+01 1.166333333333333400e+02
4.193333333333333002e+01 1.187000000000000028e+02
4.151666666666666572e+01 1.187500000000000000e+02
4.131666666666666998e+01 1.177166666666666686e+02
4.098333333333333428e+01 1.186166666666666600e+02
4.160000000000000142e+01 1.193499999999999943e+02
4.168333333333333002e+01 1.220166666666666657e+02
4.108333333333333570e+01 1.230000000000000000e+02
4.129999999999999716e+01 1.242833333333333314e+02
4.014999999999999858e+01 1.166500000000000057e+02
3.998333333333333428e+01 1.162833333333333314e+02
4.078333333333333144e+01 1.148833333333333400e+02
4.089999999999999858e+01 1.158333333333333286e+02
4.038333333333333286e+01 1.152166666666666686e+02
4.060000000000000142e+01 1.161333333333333400e+02
4.093333333333333002e+01 1.166166666666666600e+02
4.038333333333333286e+01 1.168333333333333286e+02
4.029999999999999716e+01 1.166166666666666600e+02
4.093333333333333002e+01 1.173166666666666629e+02
4.064999999999999858e+01 1.171166666666666600e+02
4.096666666666666856e+01 1.179333333333333371e+02
4.014999999999999858e+01 1.170999999999999943e+02
4.039999999999999858e+01 1.174833333333333343e+02
4.003333333333333144e+01 1.174000000000000057e+02
4.020000000000000284e+01 1.179500000000000028e+02
4.076666666666666572e+01 1.181666666666666714e+02
3.993333333333333002e+01 1.166166666666666600e+02
4.060000000000000142e+01 1.184833333333333343e+02
3.995000000000000284e+01 1.164166666666666714e+02
4.014999999999999858e+01 1.182999999999999972e+02
3.950000000000000000e+01 1.186666666666666714e+02
3.988333333333333286e+01 1.189000000000000057e+02
4.000000000000000000e+01 1.187500000000000000e+02
4.035000000000000142e+01 1.203499999999999943e+02
4.058333333333333570e+01 1.207000000000000028e+02
4.066666666666666430e+01 1.222666666666666657e+02
4.041666666666666430e+01 1.223499999999999943e+02
4.016666666666666430e+01 1.221500000000000057e+02
4.088333333333333286e+01 1.239000000000000057e+02
4.046666666666666856e+01 1.240666666666666629e+02
4.004999999999999716e+01 1.243333333333333286e+02
4.025000000000000000e+01 1.162333333333333343e+02
3.996666666666666856e+01 1.156833333333333371e+02
3.948333333333333428e+01 1.159833333333333343e+02
3.904999999999999716e+01 1.158499999999999943e+02
3.991666666666666430e+01 1.161166666666666600e+02
3.933333333333333570e+01 1.158499999999999943e+02
3.935000000000000142e+01 1.155000000000000000e+02
3.988333333333333286e+01 1.169833333333333343e+02
3.993333333333333002e+01 1.162833333333333314e+02
3.943333333333333002e+01 1.162833333333333314e+02
3.993333333333333002e+01 1.161666666666666714e+02
3.986666666666666714e+01 1.162500000000000000e+02
3.950000000000000000e+01 1.167000000000000028e+02
3.911666666666666714e+01 1.163833333333333400e+02
3.996666666666666856e+01 1.170833333333333286e+02
3.976666666666666572e+01 1.169833333333333343e+02
3.988333333333333286e+01 1.177333333333333343e+02
3.939999999999999858e+01 1.170999999999999943e+02
3.970000000000000284e+01 1.172833333333333314e+02
3.906666666666666998e+01 1.174166666666666714e+02
3.910000000000000142e+01 1.171666666666666714e+02
3.921666666666666856e+01 1.171166666666666600e+02
3.935000000000000142e+01 1.178166666666666629e+02
3.923333333333333428e+01 1.177666666666666657e+02
3.971666666666666856e+01 1.187500000000000000e+02
3.979999999999999716e+01 1.180999999999999943e+02
3.954999999999999716e+01 1.181166666666666600e+02
3.963333333333333286e+01 1.181666666666666714e+02
3.928333333333333144e+01 1.184500000000000028e+02
3.941666666666666430e+01 1.189000000000000057e+02
3.971666666666666856e+01 1.191666666666666714e+02
3.973333333333333428e+01 1.217500000000000000e+02
3.908333333333333570e+01 1.217000000000000028e+02
3.939999999999999858e+01 1.219666666666666686e+02
3.926666666666666572e+01 1.225833333333333286e+02
3.971666666666666856e+01 1.229500000000000028e+02
3.988333333333333286e+01 1.241500000000000057e+02
3.975000000000000000e+01 1.163333333333333286e+02
3.966666666666666430e+01 1.159833333333333343e+02
3.973333333333333428e+01 1.159000000000000057e+02
3.903333333333333144e+01 1.156500000000000057e+02
3.885000000000000142e+01 1.155166666666666657e+02
3.868333333333333002e+01 1.157833333333333314e+02
3.841666666666666430e+01 1.153333333333333286e+02
3.891666666666666430e+01 1.159333333333333371e+02
3.823333333333333428e+01 1.157333333333333343e+02
3.868333333333333002e+01 1.151333333333333400e+02
3.803333333333333144e+01 1.155333333333333314e+02
3.818333333333333002e+01 1.155499999999999972e+02
3.871666666666666856e+01 1.160833333333333286e+02
3.895000000000000284e+01 1.153166666666666629e+02
3.886666666666666714e+01 1.164500000000000028e+02
3.870000000000000284e+01 1.166166666666666600e+02
3.845000000000000284e+01 1.160833333333333286e+02
3.858333333333333570e+01 1.168333333333333286e+02
3.833333333333333570e+01 1.168333333333333286e+02
3.818333333333333002e+01 1.161166666666666600e+02
3.803333333333333144e+01 1.162666666666666657e+02
3.891666666666666430e+01 1.169166666666666714e+02
3.848333333333333428e+01 1.155666666666666629e+02
3.818333333333333002e+01 1.151833333333333371e+02
3.898333333333333428e+01 1.173666666666666600e+02
3.898333333333333428e+01 1.177166666666666686e+02
3.836666666666666714e+01 1.173499999999999943e+02
3.841666666666666430e+01 1.158166666666666629e+02
3.706666666666666998e+01 1.151500000000000057e+02
3.706666666666666998e+01 1.150333333333333314e+02
3.751666666666666572e+01 1.152333333333333343e+02
3.898333333333333428e+01 1.160999999999999943e+02
3.691666666666666430e+01 1.148666666666666600e+02
3.804999999999999716e+01 1.170833333333333286e+02
3.883333333333333570e+01 1.212333333333333343e+02
3.889999999999999858e+01 1.216333333333333400e+02
3.800000000000000000e+01 1.158833333333333400e+02
3.791666666666666430e+01 1.152166666666666686e+02
3.773333333333333428e+01 1.157000000000000028e+02
3.785000000000000142e+01 1.158166666666666629e+02
3.758333333333333570e+01 1.155499999999999972e+02
3.736666666666666714e+01 1.153833333333333400e+02
3.708333333333333570e+01 1.155333333333333314e+02
3.735000000000000142e+01 1.159666666666666686e+02
3.750000000000000000e+01 1.157500000000000000e+02
3.786666666666666714e+01 1.161666666666666714e+02
3.768333333333333002e+01 1.162666666666666657e+02
3.718333333333333002e+01 1.168833333333333400e+02
3.788333333333333286e+01 1.165333333333333314e+02
3.743333333333333002e+01 1.163166666666666629e+02
3.733333333333333570e+01 1.165666666666666629e+02
3.764999999999999858e+01 1.167999999999999972e+02
3.763333333333333286e+01 1.164000000000000057e+02
3.714999999999999858e+01 1.164333333333333371e+02
3.776666666666666572e+01 1.175833333333333286e+02
3.750000000000000000e+01 1.175333333333333314e+02
3.771666666666666856e+01 1.171833333333333371e+02
3.673333333333333428e+01 1.175666666666666629e+02
3.716666666666666430e+01 1.177833333333333314e+02
3.768333333333333002e+01 1.181166666666666600e+02
3.736666666666666714e+01 1.180166666666666657e+02
3.726666666666666572e+01 1.188499999999999943e+02
3.714999999999999858e+01 1.181333333333333400e+02
3.704999999999999716e+01 1.183499999999999943e+02
3.760000000000000142e+01 1.185333333333333314e+02
3.718333333333333002e+01 1.199333333333333371e+02
3.791666666666666430e+01 1.207666666666666657e+02
3.781666666666666998e+01 1.207500000000000000e+02
3.761666666666666714e+01 1.203166666666666629e+02
3.729999999999999716e+01 1.208166666666666629e+02
3.748333333333333428e+01 1.221333333333333400e+02
3.739999999999999858e+01 1.226833333333333371e+02
3.718333333333333002e+01 1.220333333333333314e+02
3.716666666666666430e+01 1.223833333333333400e+02
3.693333333333333002e+01 1.151833333333333371e+02
3.685000000000000142e+01 1.154833333333333343e+02
3.685000000000000142e+01 1.157166666666666686e+02
3.629999999999999716e+01 1.151500000000000057e+02
3.648333333333333428e+01 1.154500000000000028e+02
3.646666666666666856e+01 1.159666666666666686e+02
3.603333333333333144e+01 1.155833333333333286e+02
3.654999999999999716e+01 1.152999999999999972e+02
3.686666666666666714e+01 1.162666666666666657e+02
3.693333333333333002e+01 1.166333333333333400e+02
3.658333333333333570e+01 1.162166666666666686e+02
3.598333333333333428e+01 1.158666666666666600e+02
3.628333333333333144e+01 1.164333333333333371e+02
3.623333333333333428e+01 1.167666666666666657e+02
3.681666666666666998e+01 1.151666666666666714e+02
3.698333333333333428e+01 1.171166666666666600e+02
3.689999999999999858e+01 1.177333333333333343e+02
3.668333333333333002e+01 1.169833333333333343e+02
3.651666666666666572e+01 1.178333333333333286e+02
3.625000000000000000e+01 1.170999999999999943e+02
3.616666666666666430e+01 1.171500000000000057e+02
3.625000000000000000e+01 1.176500000000000057e+02
3.683333333333333570e+01 1.180000000000000000e+02
3.670000000000000284e+01 1.184666666666666686e+02
3.688333333333333286e+01 1.187166666666666686e+02
3.650000000000000000e+01 1.185499999999999972e+02
3.618333333333333002e+01 1.181500000000000057e+02
3.676666666666666572e+01 1.199333333333333371e+02
3.670000000000000284e+01 1.190833333333333286e+02
3.641666666666666430e+01 1.191666666666666714e+02
3.638333333333333286e+01 1.197166666666666686e+02
3.598333333333333428e+01 1.193666666666666600e+02
3.626666666666666572e+01 1.200000000000000000e+02
3.686666666666666714e+01 1.204833333333333343e+02
3.693333333333333002e+01 1.207000000000000028e+02
3.638333333333333286e+01 1.204666666666666686e+02
3.606666666666666998e+01 1.203333333333333286e+02
3.689999999999999858e+01 1.214833333333333343e+02
3.676666666666666572e+01 1.211666666666666714e+02
3.686666666666666714e+01 1.224333333333333371e+02
3.570000000000000284e+01 1.150166666666666657e+02
3.606666666666666998e+01 1.151833333333333371e+02
3.591666666666666430e+01 1.151500000000000057e+02
3.560000000000000142e+01 1.159166666666666714e+02
3.525000000000000000e+01 1.154333333333333371e+02
3.503333333333333144e+01 1.166666666666666714e+02
3.528333333333333144e+01 1.150833333333333286e+02
3.579999999999999716e+01 1.160833333333333286e+02
3.589999999999999858e+01 1.162999999999999972e+02
3.571666666666666856e+01 1.164833333333333343e+02
3.575000000000000000e+01 1.167999999999999972e+02
3.541666666666666430e+01 1.160999999999999943e+02
3.543333333333333002e+01 1.165833333333333286e+02
3.556666666666666998e+01 1.168499999999999943e+02
3.510000000000000142e+01 1.162999999999999972e+02
3.560000000000000142e+01 1.169833333333333343e+02
3.541666666666666430e+01 1.170000000000000000e+02
3.564999999999999858e+01 1.172666666666666657e+02
3.545000000000000284e+01 1.164333333333333371e+02
3.589999999999999858e+01 1.177333333333333343e+02
3.571666666666666856e+01 1.179166666666666714e+02
3.550000000000000000e+01 1.176166666666666600e+02
3.511666666666666714e+01 1.171333333333333400e+02
3.525000000000000000e+01 1.179500000000000028e+02
3.579999999999999716e+01 1.186666666666666714e+02
3.554999999999999716e+01 1.184500000000000028e+02
3.558333333333333570e+01 1.188333333333333286e+02
3.504999999999999716e+01 1.183499999999999943e+02
3.525000000000000000e+01 1.188333333333333286e+02
3.575000000000000000e+01 1.192000000000000028e+02
3.588333333333333286e+01 1.200000000000000000e+02
3.538333333333333286e+01 1.195333333333333314e+02
3.301666666666666572e+01 9.701666666666666572e+01
3.379999999999999716e+01 9.713333333333333997e+01
3.473333333333333428e+01 1.015999999999999943e+02
3.343333333333333002e+01 1.014833333333333343e+02
3.458333333333333570e+01 1.025000000000000000e+02
3.500000000000000000e+01 1.029000000000000057e+02
3.470000000000000284e+01 1.033499999999999943e+02
3.406666666666666998e+01 1.032166666666666686e+02
3.485000000000000142e+01 1.044500000000000028e+02
3.500000000000000000e+01 1.046500000000000057e+02
3.443333333333333002e+01 1.040166666666666657e+02
3.378333333333333144e+01 1.043666666666666600e+02
3.403333333333333144e+01 1.043833333333333400e+02
3.339999999999999858e+01 1.049166666666666714e+02
3.326666666666666572e+01 1.042333333333333343e+02
3.220000000000000284e+01 9.648333333333333428e+01
3.173333333333333428e+01 9.856666666666666288e+01
3.161666666666666714e+01 1.000000000000000000e+02
3.121666666666666501e+01 9.883333333333332860e+01
3.293333333333333002e+01 1.007500000000000000e+02
3.139999999999999858e+01 1.006666666666666714e+02
3.098333333333333428e+01 1.011166666666666600e+02
3.148333333333333428e+01 1.020666666666666629e+02
3.289999999999999858e+01 1.017000000000000028e+02
3.189999999999999858e+01 1.022333333333333343e+02
3.279999999999999716e+01 1.025499999999999972e+02
3.168333333333333357e+01 1.038499999999999943e+02
3.063333333333333286e+01 1.036666666666666714e+02
3.264999999999999858e+01 1.035666666666666629e+02
3.146666666666666501e+01 1.035833333333333286e+02
3.143333333333333357e+01 1.031666666666666714e+02
3.208333333333333570e+01 1.029833333333333343e+02
3.133333333333333215e+01 1.042000000000000028e+02
3.069999999999999929e+01 1.038333333333333286e+02
3.098333333333333428e+01 1.036666666666666714e+02
3.098333333333333428e+01 1.039333333333333371e+02
3.295000000000000284e+01 1.046666666666666714e+02
3.241666666666666430e+01 1.045166666666666657e+02
3.178333333333333499e+01 1.047333333333333343e+02
3.146666666666666501e+01 1.046833333333333371e+02
3.113333333333333286e+01 1.041833333333333371e+02
3.114999999999999858e+01 1.043833333333333400e+02
3.103333333333333499e+01 1.046833333333333371e+02
3.093333333333333357e+01 1.003166666666666629e+02
3.000000000000000000e+01 1.002666666666666657e+02
3.088333333333333286e+01 1.018833333333333400e+02
3.081666666666666643e+01 1.038833333333333400e+02
3.038333333333333286e+01 1.028166666666666629e+02
3.046666666666666501e+01 1.036833333333333371e+02
3.006666666666666643e+01 1.027666666666666657e+02
3.014999999999999858e+01 1.029333333333333371e+02
3.008333333333333215e+01 1.031166666666666600e+02
3.019999999999999929e+01 1.035166666666666657e+02
3.041666666666666785e+01 1.034833333333333343e+02
3.060000000000000142e+01 1.035166666666666657e+02
3.055000000000000071e+01 1.042500000000000000e+02
2.998333333333333428e+01 1.030000000000000000e+02
3.019999999999999929e+01 1.038666666666666600e+02
3.083333333333333215e+01 1.041500000000000057e+02
3.096666666666666501e+01 1.042833333333333314e+02
3.038333333333333286e+01 1.045499999999999972e+02
3.001666666666666572e+01 1.041500000000000057e+02
3.011666666666666714e+01 1.046500000000000057e+02
2.905000000000000071e+01 1.002999999999999972e+02
2.991666666666666785e+01 1.022333333333333343e+02
2.978333333333333499e+01 1.028499999999999943e+02
3.005000000000000071e+01 1.019666666666666686e+02
2.935000000000000142e+01 1.026833333333333371e+02
2.923333333333333428e+01 1.023499999999999943e+02
2.991666666666666785e+01 1.033666666666666600e+02
3.001666666666666572e+01 1.035166666666666657e+02
2.973333333333333428e+01 1.035999999999999943e+02
2.983333333333333215e+01 1.038333333333333286e+02
2.960000000000000142e+01 1.034833333333333343e+02
2.951666666666666572e+01 1.033333333333333286e+02
2.956666666666666643e+01 1.037500000000000000e+02
2.923333333333333428e+01 1.032666666666666657e+02
2.919999999999999929e+01 1.039500000000000028e+02
2.966666666666666785e+01 1.040666666666666629e+02
2.976666666666666572e+01 1.048499999999999943e+02
2.944999999999999929e+01 1.044333333333333371e+02
2.951666666666666572e+01 1.046666666666666714e+02
2.935000000000000142e+01 1.047666666666666657e+02
2.918333333333333357e+01 1.049833333333333343e+02
2.871666666666666501e+01 9.928333333333333144e+01
2.893333333333333357e+01 9.979999999999999716e+01
2.844999999999999929e+01 9.888333333333333997e+01
2.813333333333333286e+01 1.008333333333333286e+02
2.900000000000000000e+01 1.015000000000000000e+02
2.855000000000000071e+01 1.021666666666666714e+02
2.864999999999999858e+01 1.025166666666666657e+02
2.830000000000000071e+01 1.024333333333333371e+02
2.800000000000000000e+01 1.028499999999999943e+02
2.883333333333333215e+01 1.035499999999999972e+02
2.844999999999999929e+01 1.037666666666666657e+02
2.826666666666666572e+01 1.035833333333333286e+02
2.780000000000000071e+01 1.035833333333333286e+02
2.894999999999999929e+01 1.039000000000000057e+02
2.885000000000000142e+01 1.049666666666666686e+02
2.833333333333333215e+01 1.050833333333333286e+02
2.805000000000000071e+01 1.042500000000000000e+02
2.838333333333333286e+01 1.047833333333333314e+02
2.783333333333333215e+01 9.970000000000000284e+01
2.716666666666666785e+01 9.928333333333333144e+01
2.743333333333333357e+01 1.015166666666666657e+02
2.730000000000000071e+01 1.008499999999999943e+02
2.741666666666666785e+01 1.021833333333333371e+02
2.789999999999999858e+01 1.022666666666666657e+02
2.706666666666666643e+01 1.027500000000000000e+02
2.771666666666666501e+01 1.027999999999999972e+02
2.775000000000000000e+01 1.038833333333333400e+02
2.769999999999999929e+01 1.032500000000000000e+02
2.716666666666666785e+01 1.035499999999999972e+02
2.733333333333333215e+01 1.037500000000000000e+02
2.858333333333333215e+01 1.049166666666666714e+02
2.760000000000000142e+01 1.040166666666666657e+02
2.741666666666666785e+01 1.048499999999999943e+02
2.783333333333333215e+01 1.050499999999999972e+02
2.706666666666666643e+01 9.879999999999999716e+01
2.598333333333333428e+01 9.881666666666666288e+01
2.653333333333333499e+01 9.991666666666667140e+01
2.611666666666666714e+01 9.996666666666666856e+01
2.686666666666666714e+01 1.004333333333333371e+02
2.668333333333333357e+01 1.007500000000000000e+02
2.658333333333333215e+01 1.001833333333333371e+02
2.663333333333333286e+01 1.012666666666666657e+02
2.691666666666666785e+01 1.015333333333333314e+02
2.605000000000000071e+01 1.016833333333333371e+02
2.689999999999999858e+01 1.021166666666666600e+02
2.664999999999999858e+01 1.022500000000000000e+02
2.688333333333333286e+01 1.028833333333333400e+02
2.664999999999999858e+01 1.025833333333333286e+02
2.641666666666666785e+01 1.032833333333333314e+02
2.610000000000000142e+01 1.031666666666666714e+02
2.621666666666666501e+01 1.040833333333333286e+02
2.501666666666666572e+01 9.850000000000000000e+01
2.589999999999999858e+01 9.936666666666666003e+01
2.568333333333333357e+01 9.995000000000000284e+01
2.546666666666666501e+01 9.951666666666666572e+01
2.511666666666666714e+01 9.916666666666667140e+01
2.569999999999999929e+01 1.001833333333333371e+02
2.583333333333333215e+01 1.005666666666666629e+02
2.535000000000000142e+01 1.004833333333333343e+02
2.548333333333333428e+01 1.005833333333333286e+02
2.526666666666666572e+01 1.002833333333333314e+02
2.571666666666666501e+01 1.013166666666666629e+02
2.573333333333333428e+01 1.018666666666666600e+02
2.553333333333333499e+01 1.014333333333333371e+02
2.533333333333333215e+01 1.015166666666666657e+02
2.518333333333333357e+01 1.012833333333333314e+02
2.501666666666666572e+01 1.015333333333333314e+02
2.523333333333333428e+01 1.025000000000000000e+02
2.553333333333333499e+01 1.024166666666666714e+02
2.558333333333333215e+01 1.024333333333333371e+02
2.514999999999999858e+01 1.020666666666666629e+02
2.501666666666666572e+01 1.026833333333333371e+02
2.555000000000000071e+01 1.032666666666666657e+02
2.541666666666666785e+01 1.035499999999999972e+02
2.533333333333333215e+01 1.030333333333333314e+02
2.558333333333333215e+01 1.038333333333333286e+02
2.503333333333333499e+01 1.036666666666666714e+02
2.566666666666666785e+01 1.042500000000000000e+02
2.436666666666666714e+01 9.795000000000000284e+01
2.469999999999999929e+01 9.795000000000000284e+01
2.401666666666666572e+01 9.784999999999999432e+01
2.406666666666666643e+01 9.896666666666666856e+01
2.481666666666666643e+01 9.829999999999999716e+01
2.460000000000000142e+01 9.868333333333333712e+01
2.473333333333333428e+01 9.918333333333333712e+01
2.483333333333333215e+01 9.961666666666666003e+01
2.443333333333333357e+01 9.858333333333332860e+01
2.460000000000000142e+01 9.990000000000000568e+01
2.403333333333333499e+01 9.923333333333333428e+01
2.505000000000000071e+01 1.005333333333333314e+02
2.444999999999999929e+01 1.001333333333333400e+02
2.446666666666666501e+01 1.010833333333333286e+02
2.468333333333333357e+01 1.015999999999999943e+02
2.493333333333333357e+01 1.024833333333333343e+02
2.406666666666666643e+01 1.019666666666666686e+02
2.466666666666666785e+01 1.021666666666666714e+02
2.468333333333333357e+01 1.026166666666666600e+02
2.494999999999999929e+01 1.026166666666666600e+02
2.435000000000000142e+01 1.025499999999999972e+02
2.428333333333333499e+01 1.027666666666666657e+02
2.411666666666666714e+01 1.027500000000000000e+02
2.419999999999999929e+01 1.029166666666666714e+02
2.491666666666666785e+01 1.031666666666666714e+02
2.473333333333333428e+01 1.032666666666666657e+02
2.488333333333333286e+01 1.027999999999999972e+02
2.483333333333333215e+01 1.039833333333333343e+02
2.439999999999999858e+01 1.034500000000000028e+02
2.453333333333333499e+01 1.037666666666666657e+02
2.405000000000000071e+01 1.041833333333333371e+02
2.418333333333333357e+01 1.024000000000000057e+02
2.314999999999999858e+01 9.926666666666666572e+01
2.355000000000000071e+01 9.940000000000000568e+01
2.273333333333333428e+01 9.945000000000000284e+01
2.233333333333333215e+01 9.961666666666666003e+01
2.346666666666666501e+01 9.979999999999999716e+01
2.394999999999999929e+01 1.002166666666666686e+02
2.350000000000000000e+01 1.007000000000000028e+02
2.256666666666666643e+01 9.993333333333333712e+01
2.191666666666666785e+01 1.004166666666666714e+02
2.303333333333333499e+01 1.012833333333333314e+02
2.360000000000000142e+01 1.017166666666666686e+02
2.266666666666666785e+01 1.014000000000000057e+02
2.148333333333333428e+01 1.015666666666666629e+02
2.369999999999999929e+01 1.024833333333333343e+02
2.361666666666666714e+01 1.028333333333333286e+02
2.336666666666666714e+01 1.024333333333333371e+02
2.316666666666666785e+01 1.027500000000000000e+02
2.251666666666666572e+01 1.021333333333333400e+02
2.300000000000000000e+01 1.024166666666666714e+02
2.369999999999999929e+01 1.032500000000000000e+02
2.338333333333333286e+01 1.031500000000000057e+02
2.338333333333333286e+01 1.033833333333333400e+02
2.278333333333333499e+01 1.032333333333333343e+02
2.250000000000000000e+01 1.039500000000000028e+02
2.361666666666666714e+01 1.043333333333333286e+02
2.344999999999999929e+01 1.046833333333333371e+02
2.338333333333333286e+01 1.042500000000000000e+02
2.313333333333333286e+01 1.047000000000000028e+02
3.475000000000000000e+01 1.053333333333333286e+02
3.486666666666666714e+01 1.056666666666666714e+02
3.473333333333333428e+01 1.048833333333333400e+02
3.458333333333333570e+01 1.057500000000000000e+02
3.418333333333333002e+01 1.051833333333333371e+02
3.403333333333333144e+01 1.052999999999999972e+02
3.475000000000000000e+01 1.061500000000000057e+02
3.500000000000000000e+01 1.061833333333333371e+02
3.454999999999999716e+01 1.058833333333333400e+02
3.403333333333333144e+01 1.073166666666666629e+02
3.478333333333333144e+01 1.091833333333333371e+02
3.479999999999999716e+01 1.112000000000000028e+02
3.488333333333333286e+01 1.104500000000000028e+02
3.470000000000000284e+01 1.107166666666666686e+02
3.516666666666666430e+01 1.112333333333333343e+02
3.485000000000000142e+01 1.112000000000000028e+02
3.476666666666666572e+01 1.117666666666666657e+02
3.450000000000000000e+01 1.121833333333333371e+02
3.438333333333333286e+01 1.116666666666666714e+02
3.400000000000000000e+01 1.110166666666666657e+02
3.471666666666666856e+01 1.121500000000000057e+02
3.483333333333333570e+01 1.124333333333333371e+02
3.491666666666666430e+01 1.127833333333333314e+02
3.418333333333333002e+01 1.128333333333333286e+02
3.471666666666666856e+01 1.128166666666666629e+02
3.378333333333333144e+01 1.116333333333333400e+02
3.414999999999999858e+01 1.124666666666666686e+02
3.495000000000000284e+01 1.130833333333333286e+02
3.473333333333333428e+01 1.129666666666666686e+02
3.450000000000000000e+01 1.130499999999999972e+02
3.441666666666666430e+01 1.137000000000000028e+02
3.421666666666666856e+01 1.137833333333333314e+02
3.414999999999999858e+01 1.135000000000000000e+02
3.401666666666666572e+01 1.138333333333333286e+02
3.471666666666666856e+01 1.140166666666666657e+02
3.476666666666666572e+01 1.143833333333333400e+02
3.485000000000000142e+01 1.148166666666666629e+02
3.439999999999999858e+01 1.142000000000000028e+02
3.411666666666666714e+01 1.141833333333333371e+02
3.454999999999999716e+01 1.147999999999999972e+02
3.408333333333333570e+01 1.144000000000000057e+02
3.406666666666666998e+01 1.148499999999999943e+02
3.375000000000000000e+01 1.057166666666666686e+02
3.333333333333333570e+01 1.055999999999999943e+02
3.378333333333333144e+01 1.060833333333333286e+02
3.391666666666666430e+01 1.062999999999999972e+02
3.363333333333333286e+01 1.069333333333333371e+02
3.298333333333333428e+01 1.077166666666666686e+02
3.370000000000000284e+01 1.102999999999999972e+02
3.329999999999999716e+01 1.115000000000000000e+02
3.414999999999999858e+01 1.120833333333333286e+02
3.304999999999999716e+01 1.118666666666666600e+02
3.375000000000000000e+01 1.129166666666666714e+02
3.304999999999999716e+01 1.122333333333333343e+02
3.348333333333333428e+01 1.124333333333333371e+02
3.303333333333333144e+01 1.125833333333333286e+02
3.328333333333333144e+01 1.130000000000000000e+02
3.396666666666666856e+01 1.132166666666666686e+02
3.388333333333333286e+01 1.130499999999999972e+02
3.385000000000000142e+01 1.135000000000000000e+02
3.381666666666666998e+01 1.139500000000000028e+02
3.363333333333333286e+01 1.133499999999999943e+02
3.345000000000000284e+01 1.135833333333333286e+02
3.358333333333333570e+01 1.140000000000000000e+02
3.336666666666666714e+01 1.140166666666666657e+02
3.314999999999999858e+01 1.139833333333333343e+02
3.448333333333333428e+01 1.144833333333333343e+02
3.328333333333333144e+01 1.142666666666666657e+02
3.361666666666666714e+01 1.146166666666666600e+02
3.345000000000000284e+01 1.149000000000000057e+02
3.258333333333333570e+01 1.052333333333333343e+02
3.201666666666666572e+01 1.054666666666666686e+02
3.235000000000000142e+01 1.068333333333333286e+02
3.223333333333333428e+01 1.062833333333333314e+02
3.223333333333333428e+01 1.097166666666666686e+02
3.298333333333333428e+01 1.103499999999999943e+02
3.221666666666666856e+01 1.101666666666666714e+02
3.256666666666666998e+01 1.115166666666666657e+02
3.313333333333333286e+01 1.115000000000000000e+02
3.254999999999999716e+01 1.123833333333333400e+02
3.268333333333333002e+01 1.128499999999999943e+02
3.270000000000000284e+01 1.120833333333333286e+02
3.203333333333333144e+01 1.121666666666666714e+02
3.214999999999999858e+01 1.126666666666666714e+02
3.270000000000000284e+01 1.132999999999999972e+02
3.236666666666666714e+01 1.133833333333333400e+02
3.300000000000000000e+01 1.140166666666666657e+02
3.295000000000000284e+01 1.146333333333333400e+02
3.273333333333333428e+01 1.149833333333333343e+02
3.260000000000000142e+01 1.143833333333333400e+02
3.235000000000000142e+01 1.147333333333333343e+02
3.213333333333333286e+01 1.140499999999999972e+02
3.221666666666666856e+01 1.145499999999999972e+02
3.203333333333333144e+01 1.149000000000000057e+02
3.173333333333333428e+01 1.059166666666666714e+02
3.164999999999999858e+01 1.051500000000000057e+02
3.158333333333333215e+01 1.059666666666666686e+02
3.110000000000000142e+01 1.050833333333333286e+02
3.121666666666666501e+01 1.053833333333333400e+02
3.098333333333333428e+01 1.058833333333333400e+02
3.185000000000000142e+01 1.067666666666666657e+02
3.135000000000000142e+01 1.060499999999999972e+02
3.153333333333333499e+01 1.064000000000000057e+02
3.103333333333333499e+01 1.064166666666666714e+02
3.106666666666666643e+01 1.065499999999999972e+02
3.193333333333333357e+01 1.072333333333333343e+02
3.156666666666666643e+01 1.070999999999999943e+02
3.136666666666666714e+01 1.077166666666666686e+02
3.119999999999999929e+01 1.075000000000000000e+02
3.108333333333333215e+01 1.078499999999999943e+02
3.194999999999999929e+01 1.086666666666666714e+02
3.119999999999999929e+01 1.084333333333333371e+02
3.096666666666666501e+01 1.089000000000000057e+02
3.139999999999999858e+01 1.096166666666666600e+02
3.106666666666666643e+01 1.098666666666666600e+02
3.106666666666666643e+01 1.104000000000000057e+02
3.101666666666666572e+01 1.105999999999999943e+02
3.123333333333333428e+01 1.107666666666666657e+02
3.196666666666666501e+01 1.113333333333333286e+02
3.175000000000000000e+01 1.106666666666666714e+02
3.178333333333333499e+01 1.117833333333333314e+02
3.108333333333333215e+01 1.114833333333333343e+02
3.105000000000000071e+01 1.122000000000000028e+02
3.116666666666666785e+01 1.125666666666666629e+02
3.161666666666666714e+01 1.137666666666666657e+02
3.126666666666666572e+01 1.137000000000000028e+02
3.180000000000000071e+01 1.140666666666666629e+02
3.156666666666666643e+01 1.140666666666666629e+02
3.163333333333333286e+01 1.148499999999999943e+02
3.118333333333333357e+01 1.149666666666666686e+02
3.086666666666666714e+01 1.053833333333333400e+02
3.076666666666666572e+01 1.057000000000000028e+02
3.050000000000000000e+01 1.055833333333333286e+02
3.028333333333333499e+01 1.050333333333333314e+02
3.011666666666666714e+01 1.053499999999999943e+02
3.018333333333333357e+01 1.058333333333333286e+02
3.085000000000000142e+01 1.069666666666666686e+02
3.055000000000000071e+01 1.064500000000000028e+02
3.046666666666666501e+01 1.066333333333333400e+02
3.033333333333333215e+01 1.069333333333333371e+02
3.075000000000000000e+01 1.072000000000000028e+02
3.068333333333333357e+01 1.077999999999999972e+02
3.076666666666666572e+01 1.084000000000000057e+02
3.030000000000000071e+01 1.089333333333333371e+02
3.060000000000000142e+01 1.097000000000000028e+02
3.028333333333333499e+01 1.094666666666666686e+02
3.069999999999999929e+01 1.110833333333333286e+02
3.046666666666666501e+01 1.111666666666666714e+02
3.039999999999999858e+01 1.114333333333333371e+02
3.043333333333333357e+01 1.116666666666666714e+02
3.025000000000000000e+01 1.118166666666666629e+02
3.043333333333333357e+01 1.128333333333333286e+02
3.039999999999999858e+01 1.120833333333333286e+02
3.006666666666666643e+01 1.121500000000000057e+02
3.094999999999999929e+01 1.135000000000000000e+02
3.093333333333333357e+01 1.138499999999999943e+02
3.064999999999999858e+01 1.133166666666666629e+02
3.036666666666666714e+01 1.133499999999999943e+02
3.058333333333333215e+01 1.139666666666666686e+02
3.086666666666666714e+01 1.143333333333333286e+02
3.085000000000000142e+01 1.147500000000000000e+02
3.039999999999999858e+01 1.143333333333333286e+02
3.061666666666666714e+01 1.141333333333333400e+02
3.010000000000000142e+01 1.149666666666666686e+02
2.941666666666666785e+01 1.055999999999999943e+02
2.958333333333333215e+01 1.062333333333333343e+02
2.928333333333333499e+01 1.062500000000000000e+02
2.938333333333333286e+01 1.065166666666666657e+02
2.998333333333333428e+01 1.093833333333333400e+02
2.946666666666666501e+01 1.094500000000000028e+02
2.939999999999999858e+01 1.101666666666666714e+02
2.913333333333333286e+01 1.104666666666666686e+02
2.958333333333333215e+01 1.113666666666666600e+02
2.943333333333333357e+01 1.111333333333333400e+02
2.964999999999999858e+01 1.117500000000000000e+02
2.944999999999999929e+01 1.116500000000000057e+02
2.983333333333333215e+01 1.128333333333333286e+02
2.951666666666666572e+01 1.125666666666666629e+02
2.981666666666666643e+01 1.134000000000000057e+02
2.988333333333333286e+01 1.137999999999999972e+02
2.938333333333333286e+01 1.130833333333333286e+02
2.948333333333333428e+01 1.134500000000000028e+02
2.925000000000000000e+01 1.137500000000000000e+02
2.881666666666666643e+01 1.058333333333333286e+02
2.878333333333333499e+01 1.053833333333333400e+02
2.803333333333333499e+01 1.058166666666666629e+02
2.816666666666666785e+01 1.054333333333333371e+02
2.869999999999999929e+01 1.096333333333333400e+02
2.900000000000000000e+01 1.098333333333333286e+02
2.861666666666666714e+01 1.099500000000000028e+02
2.831666666666666643e+01 1.097333333333333343e+02
2.846666666666666501e+01 1.104000000000000057e+02
2.828333333333333499e+01 1.101500000000000057e+02
2.801666666666666572e+01 1.102000000000000028e+02
2.891666666666666785e+01 1.114833333333333343e+02
2.905000000000000071e+01 1.116833333333333371e+02
2.889999999999999858e+01 1.119666666666666686e+02
2.851666666666666572e+01 1.121333333333333400e+02
2.838333333333333286e+01 1.112166666666666686e+02
2.868333333333333357e+01 1.128833333333333400e+02
2.856666666666666643e+01 1.123833333333333400e+02
2.880000000000000071e+01 1.130666666666666629e+02
2.869999999999999929e+01 1.135833333333333286e+02
2.814999999999999858e+01 1.136333333333333400e+02
2.823333333333333428e+01 1.149166666666666714e+02
2.710000000000000142e+01 1.067333333333333343e+02
2.794999999999999929e+01 1.095999999999999943e+02
2.736666666666666714e+01 1.091666666666666714e+02
2.744999999999999929e+01 1.096833333333333371e+02
2.791666666666666785e+01 1.105999999999999943e+02
2.735000000000000142e+01 1.101500000000000057e+02
2.706666666666666643e+01 1.105833333333333286e+02
2.769999999999999929e+01 1.114500000000000028e+02
2.775000000000000000e+01 1.112999999999999972e+02
2.769999999999999929e+01 1.116833333333333371e+02
2.773333333333333428e+01 1.120000000000000000e+02
2.723333333333333428e+01 1.114666666666666686e+02
2.711666666666666714e+01 1.110333333333333314e+02
2.731666666666666643e+01 1.114500000000000028e+02
2.723333333333333428e+01 1.117333333333333343e+02
2.791666666666666785e+01 1.125333333333333314e+02
2.775000000000000000e+01 1.125000000000000000e+02
2.788333333333333286e+01 1.129166666666666714e+02
2.730000000000000071e+01 1.127000000000000028e+02
2.723333333333333428e+01 1.128666666666666600e+02
2.710000000000000142e+01 1.129500000000000028e+02
2.700000000000000000e+01 1.133499999999999943e+02
2.764999999999999858e+01 1.135000000000000000e+02
2.764999999999999858e+01 1.138499999999999943e+02
2.713333333333333286e+01 1.139500000000000028e+02
2.780000000000000071e+01 1.143833333333333400e+02
2.711666666666666714e+01 1.149666666666666686e+02
2.625000000000000000e+01 1.059166666666666714e+02
2.656666666666666643e+01 1.096666666666666714e+02
2.688333333333333286e+01 1.096833333333333371e+02
2.616666666666666785e+01 1.097833333333333314e+02
2.644999999999999929e+01 1.108499999999999943e+02
2.673333333333333428e+01 1.106333333333333400e+02
2.636666666666666714e+01 1.103166666666666629e+02
2.605000000000000071e+01 1.106333333333333400e+02
2.700000000000000000e+01 1.112666666666666657e+02
2.623333333333333428e+01 1.116166666666666600e+02
2.660000000000000142e+01 1.118666666666666600e+02
2.680000000000000071e+01 1.120999999999999943e+02
2.698333333333333428e+01 1.123666666666666600e+02
2.689999999999999858e+01 1.125999999999999943e+02
2.641666666666666785e+01 1.124000000000000057e+02
2.688333333333333286e+01 1.125000000000000000e+02
2.639999999999999858e+01 1.128499999999999943e+02
2.671666666666666501e+01 1.132500000000000000e+02
2.678333333333333499e+01 1.135499999999999972e+02
2.671666666666666501e+01 1.139666666666666686e+02
2.650000000000000000e+01 1.137833333333333314e+02
2.613333333333333286e+01 1.131166666666666600e+02
2.608333333333333215e+01 1.139500000000000028e+02
2.693333333333333357e+01 1.142500000000000000e+02
2.658333333333333215e+01 1.141666666666666714e+02
2.646666666666666501e+01 1.147833333333333314e+02
2.680000000000000071e+01 1.149166666666666714e+02
2.501666666666666572e+01 1.071666666666666714e+02
2.578333333333333499e+01 1.095999999999999943e+02
2.580000000000000071e+01 1.100000000000000000e+02
2.521666666666666501e+01 1.094000000000000057e+02
2.508333333333333215e+01 1.092000000000000028e+02
2.496666666666666501e+01 1.100000000000000000e+02
2.523333333333333428e+01 1.101833333333333371e+02
2.563333333333333286e+01 1.106500000000000057e+02
2.541666666666666785e+01 1.103166666666666629e+02
2.533333333333333215e+01 1.102999999999999972e+02
2.593333333333333357e+01 1.110666666666666629e+02
2.548333333333333428e+01 1.111500000000000057e+02
2.553333333333333499e+01 1.115999999999999943e+02
2.560000000000000142e+01 1.119500000000000028e+02
2.526666666666666572e+01 1.113333333333333286e+02
2.591666666666666785e+01 1.122000000000000028e+02
2.575000000000000000e+01 1.127166666666666686e+02
2.558333333333333215e+01 1.123666666666666600e+02
2.541666666666666785e+01 1.129500000000000028e+02
2.528333333333333499e+01 1.125499999999999972e+02
2.596666666666666501e+01 1.134000000000000057e+02
2.556666666666666643e+01 1.136833333333333371e+02
2.510000000000000142e+01 1.137333333333333343e+02
2.569999999999999929e+01 1.142999999999999972e+02
2.580000000000000071e+01 1.145499999999999972e+02
2.566666666666666785e+01 1.147500000000000000e+02
2.585000000000000142e+01 1.149500000000000028e+02
2.539999999999999858e+01 1.143499999999999943e+02
2.539999999999999858e+01 1.149333333333333371e+02
2.513333333333333286e+01 1.143166666666666629e+02
3.443333333333333002e+01 1.150999999999999943e+02
3.481666666666666998e+01 1.155499999999999972e+02
3.464999999999999858e+01 1.151500000000000057e+02
3.445000000000000284e+01 1.156666666666666714e+02
3.446666666666666856e+01 1.153333333333333286e+02
3.479999999999999716e+01 1.160666666666666629e+02
3.468333333333333002e+01 1.165833333333333286e+02
3.471666666666666856e+01 1.169166666666666714e+02
3.441666666666666430e+01 1.163499999999999943e+02
3.418333333333333002e+01 1.169166666666666714e+02
3.425000000000000000e+01 1.161333333333333400e+02
3.485000000000000142e+01 1.171333333333333400e+02
3.486666666666666714e+01 1.175833333333333286e+02
3.456666666666666998e+01 1.177333333333333343e+02
3.429999999999999716e+01 1.179500000000000028e+02
3.428333333333333144e+01 1.171500000000000057e+02
3.461666666666666714e+01 1.183666666666666600e+02
3.435000000000000142e+01 1.183499999999999943e+02
3.451666666666666572e+01 1.187333333333333343e+02
3.410000000000000142e+01 1.187500000000000000e+02
3.483333333333333570e+01 1.191166666666666600e+02
3.478333333333333144e+01 1.194333333333333371e+02
3.460000000000000142e+01 1.191666666666666714e+02
3.429999999999999716e+01 1.192333333333333343e+02
3.410000000000000142e+01 1.193499999999999943e+02
3.403333333333333144e+01 1.198166666666666629e+02
3.388333333333333286e+01 1.154833333333333343e+02
3.386666666666666714e+01 1.157666666666666657e+02
3.306666666666666998e+01 1.152666666666666657e+02
3.326666666666666572e+01 1.153666666666666600e+02
3.318333333333333002e+01 1.156166666666666600e+02
3.393333333333333002e+01 1.163833333333333400e+02
3.350000000000000000e+01 1.162000000000000028e+02
3.314999999999999858e+01 1.162166666666666686e+02
3.328333333333333144e+01 1.165499999999999972e+02
3.364999999999999858e+01 1.169666666666666686e+02
3.354999999999999716e+01 1.175333333333333314e+02
3.346666666666666856e+01 1.178666666666666600e+02
3.296666666666666856e+01 1.172000000000000028e+02
3.329999999999999716e+01 1.173166666666666629e+02
3.314999999999999858e+01 1.179500000000000028e+02
3.388333333333333286e+01 1.179166666666666714e+02
3.395000000000000284e+01 1.182333333333333343e+02
3.370000000000000284e+01 1.187166666666666686e+02
3.345000000000000284e+01 1.182166666666666686e+02
3.304999999999999716e+01 1.186166666666666600e+02
3.329999999999999716e+01 1.188499999999999943e+02
3.378333333333333144e+01 1.192666666666666657e+02
3.379999999999999716e+01 1.197999999999999972e+02
3.353333333333333144e+01 1.191666666666666714e+02
3.348333333333333428e+01 1.198166666666666629e+02
3.303333333333333144e+01 1.190333333333333314e+02
3.323333333333333428e+01 1.192999999999999972e+02
3.376666666666666572e+01 1.202500000000000000e+02
3.338333333333333286e+01 1.201500000000000057e+02
3.320000000000000284e+01 1.204833333333333343e+02
3.263333333333333286e+01 1.155833333333333286e+02
3.291666666666666430e+01 1.158166666666666629e+02
3.245000000000000284e+01 1.154166666666666714e+02
3.214999999999999858e+01 1.150333333333333314e+02
3.216666666666666430e+01 1.156666666666666714e+02
3.261666666666666714e+01 1.162666666666666657e+02
3.271666666666666856e+01 1.167333333333333343e+02
3.233333333333333570e+01 1.162833333333333314e+02
3.254999999999999716e+01 1.167666666666666657e+02
3.246666666666666856e+01 1.171500000000000057e+02
3.295000000000000284e+01 1.173833333333333400e+02
3.286666666666666714e+01 1.175499999999999972e+02
3.278333333333333144e+01 1.179833333333333343e+02
3.264999999999999858e+01 1.170166666666666657e+02
3.210000000000000142e+01 1.182666666666666657e+02
3.245000000000000284e+01 1.184166666666666714e+02
3.235000000000000142e+01 1.188333333333333286e+02
3.229999999999999716e+01 1.182999999999999972e+02
3.204999999999999716e+01 1.186166666666666600e+02
3.200000000000000000e+01 1.187999999999999972e+02
3.268333333333333002e+01 1.190166666666666657e+02
3.228333333333333144e+01 1.191666666666666714e+02
3.293333333333333002e+01 1.198333333333333286e+02
3.245000000000000284e+01 1.195666666666666629e+02
3.241666666666666430e+01 1.194166666666666714e+02
3.225000000000000000e+01 1.198166666666666629e+02
3.220000000000000284e+01 1.200000000000000000e+02
3.251666666666666572e+01 1.201500000000000057e+02
3.286666666666666714e+01 1.203166666666666629e+02
3.218333333333333002e+01 1.194666666666666686e+02
3.254999999999999716e+01 1.204500000000000028e+02
3.238333333333333286e+01 1.205666666666666629e+02
3.201666666666666572e+01 1.202999999999999972e+02
3.201666666666666572e+01 1.208499999999999943e+02
3.206666666666666998e+01 1.215999999999999943e+02
3.210000000000000142e+01 1.210833333333333286e+02
3.180000000000000071e+01 1.216666666666666714e+02
3.180000000000000071e+01 1.153833333333333400e+02
3.168333333333333357e+01 1.158833333333333400e+02
3.175000000000000000e+01 1.164833333333333343e+02
3.139999999999999858e+01 1.163333333333333286e+02
3.144999999999999929e+01 1.169666666666666686e+02
3.086666666666666714e+01 1.163666666666666600e+02
3.105000000000000071e+01 1.169500000000000028e+02
3.186666666666666714e+01 1.172333333333333343e+02
3.186666666666666714e+01 1.174666666666666686e+02
3.125000000000000000e+01 1.172833333333333314e+02
3.131666666666666643e+01 1.179166666666666714e+02
3.133333333333333215e+01 1.183833333333333400e+02
3.156666666666666643e+01 1.185000000000000000e+02
3.169999999999999929e+01 1.185166666666666657e+02
3.108333333333333215e+01 1.181833333333333371e+02
3.131666666666666643e+01 1.188833333333333400e+02
3.166666666666666785e+01 1.190333333333333314e+02
3.198333333333333428e+01 1.195833333333333286e+02
3.175000000000000000e+01 1.195499999999999972e+02
3.176666666666666572e+01 1.199500000000000028e+02
3.194999999999999929e+01 1.191666666666666714e+02
3.143333333333333357e+01 1.194833333333333343e+02
3.136666666666666714e+01 1.198166666666666629e+02
3.191666666666666785e+01 1.202999999999999972e+02
3.164999999999999858e+01 1.207333333333333343e+02
3.186666666666666714e+01 1.205499999999999972e+02
3.158333333333333215e+01 1.203166666666666629e+02
3.141666666666666785e+01 1.209500000000000028e+02
3.106666666666666643e+01 1.204333333333333371e+02
3.114999999999999858e+01 1.206333333333333400e+02
3.189999999999999858e+01 1.212000000000000028e+02
3.111666666666666714e+01 1.213833333333333400e+02
3.141666666666666785e+01 1.214666666666666686e+02
3.136666666666666714e+01 1.212500000000000000e+02
3.161666666666666714e+01 1.214500000000000028e+02
3.116666666666666785e+01 1.214333333333333371e+02
3.105000000000000071e+01 1.217500000000000000e+02
3.146666666666666501e+01 1.210999999999999943e+02
3.078333333333333499e+01 1.153333333333333286e+02
3.046666666666666501e+01 1.152000000000000028e+02
3.025000000000000000e+01 1.150499999999999972e+02
3.023333333333333428e+01 1.153833333333333400e+02
3.063333333333333286e+01 1.165833333333333286e+02
3.016666666666666785e+01 1.161333333333333400e+02
3.008333333333333215e+01 1.170000000000000000e+02
3.071666666666666501e+01 1.172166666666666686e+02
3.063333333333333286e+01 1.178666666666666600e+02
3.053333333333333499e+01 1.170499999999999972e+02
3.030000000000000071e+01 1.181333333333333400e+02
3.066666666666666785e+01 1.174833333333333343e+02
3.028333333333333499e+01 1.174833333333333343e+02
3.096666666666666501e+01 1.177833333333333314e+02
3.030000000000000071e+01 1.185333333333333314e+02
3.013333333333333286e+01 1.181500000000000057e+02
3.008333333333333215e+01 1.185833333333333286e+02
3.100000000000000000e+01 1.199000000000000057e+02
3.064999999999999858e+01 1.196833333333333371e+02
3.023333333333333428e+01 1.197000000000000028e+02
3.005000000000000071e+01 1.199500000000000028e+02
3.085000000000000142e+01 1.200833333333333286e+02
3.085000000000000142e+01 1.208833333333333400e+02
3.078333333333333499e+01 1.207333333333333343e+02
3.000000000000000000e+01 1.206333333333333400e+02
3.053333333333333499e+01 1.200666666666666629e+02
3.055000000000000071e+01 1.206833333333333371e+02
3.063333333333333286e+01 1.205333333333333314e+02
3.023333333333333428e+01 1.201666666666666714e+02
3.051666666666666572e+01 1.209500000000000028e+02
3.019999999999999929e+01 1.203166666666666629e+02
3.089999999999999858e+01 1.211666666666666714e+02
3.114999999999999858e+01 1.211166666666666600e+02
3.101666666666666572e+01 1.212500000000000000e+02
3.093333333333333357e+01 1.214500000000000028e+02
3.063333333333333286e+01 1.210999999999999943e+02
3.026666666666666572e+01 1.211666666666666714e+02
3.073333333333333428e+01 1.224500000000000028e+02
3.003333333333333499e+01 1.221166666666666600e+02
2.986666666666666714e+01 1.155499999999999972e+02
2.973333333333333428e+01 1.160000000000000000e+02
2.968333333333333357e+01 1.156666666666666714e+02
2.958333333333333215e+01 1.159833333333333343e+02
2.928333333333333499e+01 1.150999999999999943e+02
2.933333333333333215e+01 1.157666666666666657e+02
2.905000000000000071e+01 1.158166666666666629e+02
2.944999999999999929e+01 1.160499999999999972e+02
2.926666666666666572e+01 1.162000000000000028e+02
2.900000000000000000e+01 1.166833333333333371e+02
2.991666666666666785e+01 1.179333333333333371e+02
2.930000000000000071e+01 1.172000000000000028e+02
2.926666666666666572e+01 1.178499999999999943e+02
2.986666666666666714e+01 1.184333333333333371e+02
2.971666666666666501e+01 1.182833333333333314e+02
2.916666666666666785e+01 1.184000000000000057e+02
2.981666666666666643e+01 1.196833333333333371e+02
2.961666666666666714e+01 1.190166666666666657e+02
2.948333333333333428e+01 1.192666666666666657e+02
2.946666666666666501e+01 1.198833333333333400e+02
2.903333333333333499e+01 1.191833333333333371e+02
2.921666666666666501e+01 1.194666666666666686e+02
2.911666666666666714e+01 1.196500000000000057e+02
2.969999999999999929e+01 1.202666666666666657e+02
2.996666666666666501e+01 1.209666666666666686e+02
2.951666666666666572e+01 1.208833333333333400e+02
2.960000000000000142e+01 1.208166666666666629e+02
2.931666666666666643e+01 1.200666666666666629e+02
2.928333333333333499e+01 1.202999999999999972e+02
2.914999999999999858e+01 1.210333333333333314e+02
2.986666666666666714e+01 1.215666666666666629e+02
2.966666666666666785e+01 1.214333333333333371e+02
2.930000000000000071e+01 1.214333333333333371e+02
2.919999999999999929e+01 1.219500000000000028e+02
2.994999999999999929e+01 1.222999999999999972e+02
2.869999999999999929e+01 1.153833333333333400e+02
2.885000000000000142e+01 1.155499999999999972e+02
2.841666666666666785e+01 1.153833333333333400e+02
2.860000000000000142e+01 1.159166666666666714e+02
2.806666666666666643e+01 1.155499999999999972e+02
2.869999999999999929e+01 1.166833333333333371e+02
2.838333333333333286e+01 1.162666666666666657e+02
2.868333333333333357e+01 1.170833333333333286e+02
2.819999999999999929e+01 1.168166666666666629e+02
2.831666666666666643e+01 1.177166666666666686e+02
2.889999999999999858e+01 1.185000000000000000e+02
2.875000000000000000e+01 1.186333333333333400e+02
2.868333333333333357e+01 1.182500000000000000e+02
2.843333333333333357e+01 1.182000000000000028e+02
2.844999999999999929e+01 1.179833333333333343e+02
2.889999999999999858e+01 1.200333333333333314e+02
2.844999999999999929e+01 1.199166666666666714e+02
2.808333333333333215e+01 1.191333333333333400e+02
2.886666666666666714e+01 1.207333333333333343e+02
2.811666666666666714e+01 1.209500000000000028e+02
2.814999999999999858e+01 1.206833333333333371e+02
2.801666666666666572e+01 1.206666666666666714e+02
2.886666666666666714e+01 1.211166666666666600e+02
2.838333333333333286e+01 1.213499999999999943e+02
2.863333333333333286e+01 1.214166666666666714e+02
2.844999999999999929e+01 1.218833333333333400e+02
2.808333333333333215e+01 1.212833333333333314e+02
2.756666666666666643e+01 1.151666666666666714e+02
2.743333333333333357e+01 1.158333333333333286e+02
2.776666666666666572e+01 1.160499999999999972e+02
2.791666666666666785e+01 1.167833333333333314e+02
2.771666666666666501e+01 1.170666666666666629e+02
2.755000000000000071e+01 1.162166666666666686e+02
2.758333333333333215e+01 1.166500000000000057e+02
2.721666666666666501e+01 1.165333333333333314e+02
2.730000000000000071e+01 1.169333333333333371e+02
2.751666666666666572e+01 1.172999999999999972e+02
2.776666666666666572e+01 1.180333333333333314e+02
2.791666666666666785e+01 1.185333333333333314e+02
2.705000000000000071e+01 1.183166666666666629e+02
2.811666666666666714e+01 1.195499999999999972e+02
2.756666666666666643e+01 1.197000000000000028e+02
2.714999999999999858e+01 1.193499999999999943e+02
2.714999999999999858e+01 1.196333333333333400e+02
2.778333333333333499e+01 1.200833333333333286e+02
2.780000000000000071e+01 1.206166666666666600e+02
2.733333333333333215e+01 1.202000000000000028e+02
2.783333333333333215e+01 1.211500000000000057e+02
2.635000000000000142e+01 1.153499999999999943e+02
2.648333333333333428e+01 1.160166666666666657e+02
2.685000000000000142e+01 1.163333333333333286e+02
2.623333333333333428e+01 1.166333333333333400e+02
2.673333333333333428e+01 1.174666666666666686e+02
2.683333333333333215e+01 1.168499999999999943e+02
2.680000000000000071e+01 1.177999999999999972e+02
2.639999999999999858e+01 1.171500000000000057e+02
2.626666666666666572e+01 1.176166666666666600e+02
2.664999999999999858e+01 1.181666666666666714e+02
2.658333333333333215e+01 1.187333333333333343e+02
2.616666666666666785e+01 1.181500000000000057e+02
2.623333333333333428e+01 1.188499999999999943e+02
2.688333333333333286e+01 1.200000000000000000e+02
2.650000000000000000e+01 1.195333333333333314e+02
2.586666666666666714e+01 1.160333333333333314e+02
2.596666666666666501e+01 1.154166666666666714e+02
2.514999999999999858e+01 1.154000000000000057e+02
2.568333333333333357e+01 1.167500000000000000e+02
2.596666666666666501e+01 1.173499999999999943e+02
2.569999999999999929e+01 1.178333333333333286e+02
2.530000000000000071e+01 1.174000000000000057e+02
2.510000000000000142e+01 1.170166666666666657e+02
2.500000000000000000e+01 1.175166666666666657e+02
2.506666666666666643e+01 1.181500000000000057e+02
2.571666666666666501e+01 1.180999999999999943e+02
2.586666666666666714e+01 1.189333333333333371e+02
2.691666666666666785e+01 1.189833333333333343e+02
2.533333333333333215e+01 1.182666666666666657e+02
2.536666666666666714e+01 1.187000000000000028e+02
2.571666666666666501e+01 1.193833333333333400e+02
2.543333333333333357e+01 1.190000000000000000e+02
2.478333333333333499e+01 1.053499999999999943e+02
2.448333333333333428e+01 1.050833333333333286e+02
2.406666666666666643e+01 1.050666666666666629e+02
2.478333333333333499e+01 1.065666666666666629e+02
2.435000000000000142e+01 1.065499999999999972e+02
2.428333333333333499e+01 1.062333333333333343e+02
2.455000000000000071e+01 1.070333333333333314e+02
2.498333333333333428e+01 1.075333333333333314e+02
2.469999999999999929e+01 1.080499999999999972e+02
2.451666666666666572e+01 1.073666666666666600e+02
2.426666666666666572e+01 1.072833333333333314e+02
2.485000000000000142e+01 1.082500000000000000e+02
2.483333333333333215e+01 1.088833333333333400e+02
2.450000000000000000e+01 1.088333333333333286e+02
2.406666666666666643e+01 1.086500000000000057e+02
2.464999999999999858e+01 1.092333333333333343e+02
2.446666666666666501e+01 1.093666666666666600e+02
2.448333333333333428e+01 1.097333333333333343e+02
2.435000000000000142e+01 1.094000000000000057e+02
2.425000000000000000e+01 1.093333333333333286e+02
2.481666666666666643e+01 1.104166666666666714e+02
2.483333333333333215e+01 1.108166666666666629e+02
2.461666666666666714e+01 1.106666666666666714e+02
2.450000000000000000e+01 1.104000000000000057e+02
2.413333333333333286e+01 1.101833333333333371e+02
2.419999999999999929e+01 1.105166666666666657e+02
2.416666666666666785e+01 1.107999999999999972e+02
2.481666666666666643e+01 1.112666666666666657e+02
2.500000000000000000e+01 1.117833333333333314e+02
2.453333333333333499e+01 1.113166666666666629e+02
2.441666666666666785e+01 1.115166666666666657e+02
2.471666666666666501e+01 1.122833333333333314e+02
2.478333333333333499e+01 1.123833333333333400e+02
2.456666666666666643e+01 1.120833333333333286e+02
2.448333333333333428e+01 1.126333333333333400e+02
2.478333333333333499e+01 1.132666666666666657e+02
2.480000000000000071e+01 1.135833333333333286e+02
2.386666666666666714e+01 1.135333333333333314e+02
2.475000000000000000e+01 1.145333333333333314e+02
2.491666666666666785e+01 1.148166666666666629e+02
2.436666666666666714e+01 1.141166666666666600e+02
2.405000000000000071e+01 1.142000000000000028e+02
2.494999999999999929e+01 1.156500000000000057e+02
2.458333333333333215e+01 1.159000000000000057e+02
2.410000000000000142e+01 1.152500000000000000e+02
2.414999999999999858e+01 1.157333333333333343e+02
2.471666666666666501e+01 1.167166666666666686e+02
2.464999999999999858e+01 1.161666666666666714e+02
2.433333333333333215e+01 1.167000000000000028e+02
2.430000000000000071e+01 1.161166666666666600e+02
2.461666666666666714e+01 1.177500000000000000e+02
2.436666666666666714e+01 1.173166666666666629e+02
2.444999999999999929e+01 1.178166666666666629e+02
2.413333333333333286e+01 1.175999999999999943e+02
2.471666666666666501e+01 1.181333333333333400e+02
2.496666666666666501e+01 1.183666666666666600e+02
2.489999999999999858e+01 1.189166666666666714e+02
2.481666666666666643e+01 1.185666666666666629e+02
2.330000000000000071e+01 1.059500000000000028e+02
2.389999999999999858e+01 1.065999999999999943e+02
2.373333333333333428e+01 1.069166666666666714e+02
2.333333333333333215e+01 1.066333333333333400e+02
2.361666666666666714e+01 1.071166666666666600e+02
2.331666666666666643e+01 1.075833333333333286e+02
2.316666666666666785e+01 1.076833333333333371e+02
2.383333333333333215e+01 1.081500000000000057e+02
2.343333333333333357e+01 1.086166666666666600e+02
2.314999999999999858e+01 1.082833333333333314e+02
2.321666666666666501e+01 1.087999999999999972e+02
2.394999999999999929e+01 1.096833333333333371e+02
2.375000000000000000e+01 1.092166666666666686e+02
2.358333333333333215e+01 1.096666666666666714e+02
2.339999999999999858e+01 1.100833333333333286e+02
2.355000000000000071e+01 1.103833333333333400e+02
2.336666666666666714e+01 1.109166666666666714e+02
2.344999999999999929e+01 1.115000000000000000e+02
2.348333333333333428e+01 1.112999999999999972e+02
2.341666666666666785e+01 1.112500000000000000e+02
2.325000000000000000e+01 1.115333333333333314e+02
2.314999999999999858e+01 1.117666666666666657e+02
2.391666666666666785e+01 1.121833333333333371e+02
2.363333333333333286e+01 1.124333333333333371e+02
2.335000000000000142e+01 1.126666666666666714e+02
2.316666666666666785e+01 1.128833333333333400e+02
2.371666666666666501e+01 1.130166666666666657e+02
2.338333333333333286e+01 1.132166666666666686e+02
2.355000000000000071e+01 1.135833333333333286e+02
2.313333333333333286e+01 1.133166666666666629e+02
2.301666666666666572e+01 1.130999999999999943e+02
2.303333333333333499e+01 1.137500000000000000e+02
2.373333333333333428e+01 1.142333333333333343e+02
2.373333333333333428e+01 1.146833333333333371e+02
2.330000000000000071e+01 1.138166666666666629e+02
2.318333333333333357e+01 1.142833333333333314e+02
2.308333333333333215e+01 1.144166666666666714e+02
2.393333333333333357e+01 1.157666666666666657e+02
2.363333333333333286e+01 1.151833333333333371e+02
2.343333333333333357e+01 1.158333333333333286e+02
2.376666666666666572e+01 1.161833333333333371e+02
2.366666666666666785e+01 1.166333333333333400e+02
2.368333333333333357e+01 1.169833333333333343e+02
2.330000000000000071e+01 1.161666666666666714e+02
2.356666666666666643e+01 1.163833333333333400e+02
2.339999999999999858e+01 1.166833333333333371e+02
2.303333333333333499e+01 1.162999999999999972e+02
2.326666666666666572e+01 1.165833333333333286e+02
2.346666666666666501e+01 1.167666666666666657e+02
2.376666666666666572e+01 1.171333333333333400e+02
2.378333333333333499e+01 1.175000000000000000e+02
2.398333333333333428e+01 1.173666666666666600e+02
2.343333333333333357e+01 1.170333333333333314e+02
2.236666666666666714e+01 1.067500000000000000e+02
2.210000000000000142e+01 1.067500000000000000e+02
2.283333333333333215e+01 1.072000000000000028e+02
2.241666666666666785e+01 1.073833333333333400e+02
2.255000000000000071e+01 1.079000000000000057e+02
2.213333333333333286e+01 1.070499999999999972e+02
2.210000000000000142e+01 1.079166666666666714e+02
2.281666666666666643e+01 1.083499999999999943e+02
2.271666666666666501e+01 1.084333333333333371e+02
2.280000000000000071e+01 1.093333333333333286e+02
2.226666666666666572e+01 1.095499999999999972e+02
2.226666666666666572e+01 1.099666666666666686e+02
2.269999999999999929e+01 1.103499999999999943e+02
2.286666666666666714e+01 1.105333333333333314e+02
2.263333333333333286e+01 1.101666666666666714e+02
2.291666666666666785e+01 1.109666666666666686e+02
2.235000000000000142e+01 1.109333333333333371e+02
2.231666666666666643e+01 1.102500000000000000e+02
2.276666666666666572e+01 1.115666666666666629e+02
2.216666666666666785e+01 1.117833333333333314e+02
2.271666666666666501e+01 1.122166666666666686e+02
2.291666666666666785e+01 1.120333333333333314e+02
2.276666666666666572e+01 1.129666666666666686e+02
2.236666666666666714e+01 1.126833333333333371e+02
2.253333333333333499e+01 1.130333333333333314e+02
2.218333333333333357e+01 1.122999999999999972e+02
2.225000000000000000e+01 1.127833333333333314e+02
2.285000000000000142e+01 1.132500000000000000e+02
2.294999999999999929e+01 1.133666666666666600e+02
2.253333333333333499e+01 1.133499999999999943e+02
2.221666666666666501e+01 1.132833333333333314e+02
2.293333333333333357e+01 1.147000000000000028e+02
2.255000000000000071e+01 1.140999999999999943e+02
2.296666666666666501e+01 1.153166666666666629e+02
2.278333333333333499e+01 1.153666666666666600e+02
2.294999999999999929e+01 1.156500000000000057e+02
2.194999999999999929e+01 1.086166666666666600e+02
2.166666666666666785e+01 1.091833333333333371e+02
2.148333333333333428e+01 1.090999999999999943e+02
2.103333333333333499e+01 1.090833333333333286e+02
2.138333333333333286e+01 1.102500000000000000e+02
2.193333333333333357e+01 1.108499999999999943e+02
2.161666666666666714e+01 1.102999999999999972e+02
2.164999999999999858e+01 1.106166666666666600e+02
2.143333333333333357e+01 1.107666666666666657e+02
2.121666666666666501e+01 1.104000000000000057e+02
2.164999999999999858e+01 1.108833333333333400e+02
2.186666666666666714e+01 1.119666666666666686e+02
2.150000000000000000e+01 1.110000000000000000e+02
2.091666666666666785e+01 1.100999999999999943e+02
2.033333333333333215e+01 1.101666666666666714e+02
2.000000000000000000e+01 1.103666666666666600e+02
2.003333333333333499e+01 1.103499999999999943e+02
1.910000000000000142e+01 1.086166666666666600e+02
1.989999999999999858e+01 1.096833333333333371e+02
1.973333333333333428e+01 1.100000000000000000e+02
1.951666666666666572e+01 1.095833333333333286e+02
1.926666666666666572e+01 1.090499999999999972e+02
1.923333333333333428e+01 1.094333333333333371e+02
1.903333333333333499e+01 1.098333333333333286e+02
1.969999999999999929e+01 1.103333333333333286e+02
1.936666666666666714e+01 1.100999999999999943e+02
1.923333333333333428e+01 1.104666666666666686e+02
1.961666666666666714e+01 1.107500000000000000e+02
1.875000000000000000e+01 1.091666666666666714e+02
1.876666666666666572e+01 1.095166666666666657e+02
1.864999999999999858e+01 1.097000000000000028e+02
1.823333333333333428e+01 1.095166666666666657e+02
1.880000000000000071e+01 1.103666666666666600e+02
1.850000000000000000e+01 1.100333333333333314e+02
1.683333333333333215e+01 1.123333333333333286e+02
1.653333333333333499e+01 1.116166666666666600e+02
