1.000 52.317 124.717 1.000 0.062 1.000
2.000 52.050 123.667 2.000 0.000 1.000
3.000 51.700 124.333 3.000 0.000 1.000
4.000 50.217 120.200 4.000 0.000 1.000
5.000 50.400 124.117 7.000 0.062 1.000
6.000 50.583 123.733 8.000 0.067 1.000
7.000 50.250 127.450 9.000 0.100 1.000
8.000 49.567 117.433 10.000 0.000 2.000
9.000 49.317 119.433 11.000 0.000 1.000
10.000 49.150 119.750 12.000 0.000 1.000
11.000 49.217 119.750 13.000 0.143 1.000
12.000 49.200 123.717 14.000 0.000 1.000
13.000 49.167 125.233 15.000 0.071 1.000
14.000 49.583 128.450 16.000 0.000 1.000
15.000 48.667 116.817 17.000 0.000 2.000
16.000 48.217 118.267 18.000 0.000 2.000
17.000 48.767 121.917 19.000 0.000 1.000
18.000 48.000 122.733 20.000 0.062 1.000
19.000 48.467 124.483 21.000 0.000 1.000
20.000 48.483 124.850 22.000 0.071 1.000
21.000 48.117 123.483 23.000 0.000 1.000
22.000 48.500 126.183 24.000 0.000 1.000
23.000 48.283 126.517 25.000 0.000 1.000
24.000 48.050 125.883 26.000 0.000 1.000
25.000 48.883 130.400 27.000 0.000 1.000
26.000 48.567 129.433 28.000 0.000 1.000
27.000 47.167 119.950 29.000 0.000 1.000
28.000 47.333 123.183 30.000 0.071 1.000
29.000 47.933 123.500 31.000 0.000 1.000
30.000 47.800 124.483 32.000 0.000 1.000
31.000 47.900 125.300 33.000 0.000 1.000
32.000 47.600 126.100 34.000 0.000 1.000
33.000 47.433 126.967 35.000 0.000 1.000
34.000 47.167 125.900 36.000 0.000 1.000
35.000 48.117 129.250 37.000 0.000 1.000
36.000 47.717 128.900 38.000 0.071 1.000
37.000 47.567 130.833 40.000 0.000 1.000
38.000 47.650 132.500 41.000 0.000 1.000
39.000 47.233 131.983 43.000 0.000 1.000
40.000 46.717 122.083 44.000 0.000 1.000
41.000 46.717 122.900 45.000 0.000 1.000
42.000 46.617 121.233 46.000 0.000 1.000
43.000 46.083 122.050 47.000 0.071 1.000
44.000 46.400 123.417 48.000 0.000 1.000
45.000 46.683 126.100 49.000 0.000 1.000
46.000 46.867 126.483 50.000 0.000 1.000
47.000 46.617 126.967 51.000 0.071 1.000
48.000 46.383 125.317 52.000 0.000 1.000
49.000 46.883 127.483 54.000 0.000 1.000
50.000 46.983 128.017 55.000 0.071 1.000
51.000 46.083 127.350 56.000 0.000 1.000
52.000 46.300 129.583 57.000 0.062 1.000
53.000 47.017 130.717 58.000 0.000 1.000
54.000 46.200 130.517 59.000 0.000 1.000
55.000 46.717 131.133 60.000 0.214 1.000
56.000 46.633 131.150 61.000 0.214 1.000
57.000 46.317 132.183 62.000 0.000 1.000
58.000 46.800 134.000 63.000 0.000 1.000
59.000 45.067 120.333 65.000 0.000 1.000
60.000 45.400 121.550 66.000 0.000 1.000
61.000 45.050 121.467 67.000 0.000 1.000
62.000 45.700 125.250 68.000 0.000 1.000
63.000 45.500 125.083 70.000 0.062 1.000
64.000 45.383 126.300 71.000 0.000 1.000
65.000 45.783 127.450 72.000 0.000 1.000
66.000 45.967 128.733 73.000 0.000 1.000
67.000 45.833 128.800 74.000 0.000 1.000
68.000 45.450 128.317 75.000 0.000 1.000
69.000 45.217 127.967 76.000 0.071 1.000
70.000 45.750 130.550 77.000 0.000 1.000
71.000 45.283 130.950 78.000 0.071 1.000
72.000 45.767 132.967 79.000 0.000 1.000
73.000 47.433 85.867 80.000 0.000 0.000
74.000 47.700 86.867 81.000 0.000 0.000
75.000 47.117 87.500 82.000 0.000 0.000
76.000 46.983 89.517 83.000 0.000 0.000
77.000 46.733 83.000 84.000 0.000 0.000
78.000 46.550 83.650 86.000 0.062 0.000
79.000 46.783 85.717 87.000 0.000 0.000
80.000 44.900 82.067 88.000 0.062 0.000
81.000 45.600 84.850 89.000 0.000 0.000
82.000 45.367 90.533 90.000 0.000 0.000
83.000 44.233 80.483 91.000 0.000 0.000
84.000 44.967 81.017 92.000 0.000 0.000
85.000 44.617 82.900 93.000 0.000 0.000
86.000 44.433 84.667 94.000 0.071 0.000
87.000 45.017 86.100 95.000 0.000 0.000
88.000 44.317 86.200 97.000 0.000 0.000
89.000 43.967 87.650 99.000 0.417 0.000
90.000 44.167 87.917 100.000 0.000 0.000
91.000 44.017 89.567 101.000 0.000 0.000
92.000 43.833 81.150 102.000 0.000 0.000
93.000 43.967 81.533 103.000 0.000 0.000
94.000 43.450 83.300 104.000 0.000 0.000
95.000 43.183 81.767 105.000 0.000 0.000
96.000 43.567 87.100 106.000 0.000 0.000
97.000 43.350 88.317 109.000 0.000 0.000
98.000 42.233 88.217 111.000 0.000 0.000
99.000 42.317 86.400 112.000 0.083 0.000
100.000 42.083 86.567 113.000 0.077 0.000
101.000 42.250 86.800 114.000 0.000 0.000
102.000 42.800 88.633 115.000 0.000 0.000
103.000 42.933 89.200 116.000 0.000 0.000
104.000 42.850 90.233 117.000 0.000 0.000
105.000 41.783 81.900 119.000 0.000 0.000
106.000 41.533 82.617 120.000 0.000 0.000
107.000 41.233 82.783 121.000 0.000 0.000
108.000 41.783 84.250 122.000 0.000 0.000
109.000 41.717 82.950 123.000 0.167 0.000
110.000 39.700 75.200 125.000 0.000 0.000
111.000 39.500 76.733 126.000 0.000 0.000
112.000 40.933 78.450 127.000 0.000 0.000
113.000 39.800 78.567 128.000 0.000 0.000
114.000 40.500 79.050 129.000 0.000 0.000
115.000 40.633 87.700 130.000 0.000 0.000
116.000 39.033 88.167 131.000 0.000 0.000
117.000 38.933 76.167 132.000 0.000 0.000
118.000 38.917 77.633 133.000 0.000 0.000
119.000 38.433 77.267 134.000 0.083 0.000
120.000 37.917 77.400 135.000 0.000 0.000
121.000 37.617 78.283 136.000 0.000 0.000
122.000 37.017 80.800 137.000 0.000 0.000
123.000 37.133 79.933 139.000 0.083 0.000
124.000 37.083 80.167 140.000 0.000 0.000
125.000 37.067 82.717 141.000 0.000 0.000
126.000 38.150 85.550 142.000 0.000 0.000
127.000 36.867 81.667 144.000 0.000 0.000
128.000 43.267 94.700 147.000 0.000 0.000
129.000 41.533 94.667 148.000 0.000 0.000
130.000 41.367 102.367 150.000 0.000 3.000
131.000 40.150 94.683 151.000 0.062 0.000
132.000 40.533 95.767 152.000 0.000 3.000
133.000 40.267 97.033 153.000 0.000 3.000
134.000 40.300 99.517 154.000 0.000 3.000
135.000 40.000 98.900 155.000 0.000 3.000
136.000 39.517 94.883 156.000 0.000 0.000
137.000 39.767 98.483 157.000 0.083 3.000
138.000 39.367 99.833 158.000 0.000 3.000
139.000 39.150 100.167 159.000 0.000 3.000
140.000 39.217 101.683 161.000 0.000 3.000
141.000 38.817 98.417 163.000 0.000 3.000
142.000 38.833 99.617 164.000 0.000 3.000
143.000 38.450 100.817 166.000 0.000 3.000
144.000 38.800 101.083 167.000 0.000 3.000
145.000 38.233 101.967 168.000 0.000 3.000
146.000 38.633 103.083 170.000 0.000 3.000
147.000 37.367 97.367 171.000 0.083 3.000
148.000 37.483 102.900 172.000 0.000 3.000
149.000 37.200 102.867 173.000 0.000 3.000
150.000 37.183 104.050 174.000 0.000 3.000
151.000 36.300 98.100 175.000 0.000 3.000
152.000 36.683 101.233 176.000 0.000 3.000
153.000 36.817 101.950 177.000 0.000 3.000
154.000 36.517 101.567 178.000 0.000 3.000
155.000 36.317 102.850 179.000 0.000 3.000
156.000 36.100 102.267 180.000 0.000 3.000
157.000 36.350 103.933 181.000 0.000 3.000
158.000 36.050 103.883 183.000 0.214 3.000
159.000 36.567 104.683 184.000 0.083 3.000
160.000 36.550 104.183 185.000 0.071 3.000
161.000 35.583 99.983 186.000 0.000 6.000
162.000 35.583 100.750 187.000 0.000 6.000
163.000 35.267 100.650 188.000 0.000 6.000
164.000 35.833 102.550 189.000 0.000 6.000
165.000 35.517 102.017 190.000 0.000 6.000
166.000 35.200 102.517 191.000 0.000 6.000
167.000 35.967 103.300 192.000 0.000 6.000
168.000 35.667 103.400 193.000 0.000 6.000
169.000 35.483 103.567 194.000 0.000 6.000
170.000 35.867 104.150 195.000 0.000 6.000
171.000 35.583 103.183 196.000 0.000 6.000
172.000 35.433 103.350 197.000 0.000 6.000
173.000 35.367 103.867 198.000 0.000 6.000
174.000 35.367 103.717 199.000 0.000 6.000
175.000 35.683 105.083 200.000 0.000 6.000
176.000 35.583 104.617 201.000 0.000 6.000
177.000 35.383 105.000 202.000 0.000 6.000
178.000 35.133 104.233 203.000 0.000 6.000
179.000 43.650 112.000 204.000 0.000 2.000
180.000 44.617 114.150 205.000 0.000 2.000
181.000 42.533 110.133 206.000 0.000 3.000
182.000 44.017 114.950 207.000 0.000 2.000
183.000 43.833 113.717 208.000 0.000 2.000
184.000 41.450 106.383 209.000 0.000 3.000
185.000 42.717 112.700 210.000 0.000 2.000
186.000 42.233 113.833 211.000 0.000 2.000
187.000 41.767 109.967 214.000 0.077 3.000
188.000 41.017 109.133 215.000 0.000 3.000
189.000 41.700 110.433 216.000 0.000 3.000
190.000 41.033 110.050 217.000 0.000 3.000
191.000 41.317 111.233 218.000 0.000 2.000
192.000 41.100 111.450 219.000 0.000 2.000
193.000 41.300 112.617 220.000 0.000 2.000
194.000 41.850 114.600 221.000 0.000 2.000
195.000 41.067 113.950 222.000 0.000 2.000
196.000 41.150 114.700 223.000 0.000 2.000
197.000 40.333 107.000 224.000 0.000 3.000
198.000 40.733 108.650 225.000 0.000 3.000
199.000 40.400 110.033 227.000 0.000 3.000
200.000 40.683 111.150 228.000 0.000 2.000
201.000 40.867 112.567 229.000 0.000 2.000
202.000 40.517 112.517 230.000 0.000 2.000
203.000 40.000 112.450 231.000 0.000 2.000
204.000 41.033 113.067 232.000 0.083 2.000
205.000 40.800 113.217 233.000 0.000 2.000
206.000 40.883 113.867 234.000 0.000 2.000
207.000 40.433 113.100 235.000 0.000 2.000
208.000 40.367 113.767 236.000 0.000 2.000
209.000 40.100 113.333 237.000 0.500 2.000
210.000 40.033 113.583 238.000 0.000 2.000
211.000 40.433 114.050 239.000 0.000 2.000
212.000 40.683 114.400 240.000 0.000 2.000
213.000 40.567 115.033 241.000 0.167 2.000
214.000 39.783 105.750 243.000 0.000 3.000
215.000 39.233 106.317 245.000 0.000 3.000
216.000 39.000 106.383 246.000 0.062 3.000
217.000 40.050 107.850 247.000 0.000 3.000
218.000 39.100 107.983 248.000 0.000 3.000
219.000 39.850 108.733 249.000 0.000 3.000
220.000 39.833 109.983 250.000 0.000 3.000
221.000 39.567 109.733 251.000 0.000 3.000
222.000 39.100 109.033 252.000 0.000 3.000
223.000 39.917 111.667 254.000 0.000 2.000
224.000 39.383 111.150 255.000 0.000 2.000
225.000 39.433 111.500 256.000 0.000 2.000
226.000 40.000 112.700 257.000 0.000 2.000
227.000 39.517 112.267 258.000 0.000 2.000
228.000 39.083 112.183 259.000 0.000 2.000
229.000 39.500 112.817 260.000 0.062 2.000
230.000 39.000 112.283 261.000 0.000 2.000
231.000 39.300 112.433 262.000 0.062 2.000
232.000 39.017 112.900 263.000 0.000 2.000
233.000 39.817 113.100 264.000 0.083 2.000
234.000 39.717 113.683 265.000 0.000 2.000
235.000 39.550 113.183 266.000 0.000 2.000
236.000 39.167 113.267 267.000 0.000 2.000
237.000 39.750 114.267 268.000 0.000 2.000
238.000 39.833 114.567 269.000 0.000 2.000
239.000 39.450 114.183 270.000 0.000 2.000
240.000 38.833 115.150 271.000 0.000 2.000
241.000 39.367 114.683 272.000 0.000 2.000
242.000 38.833 105.667 273.000 0.000 3.000
243.000 38.550 106.350 274.000 0.083 3.000
244.000 38.917 106.550 275.000 0.000 3.000
245.000 37.983 106.183 276.000 0.000 3.000
246.000 38.483 106.217 277.000 0.250 3.000
247.000 38.817 106.683 278.000 0.000 3.000
248.000 38.017 106.067 279.000 0.000 3.000
249.000 38.250 106.233 280.000 0.000 3.000
250.000 38.117 106.300 281.000 0.000 3.000
251.000 38.600 108.833 282.000 0.000 3.000
252.000 37.967 111.000 283.000 0.000 3.000
253.000 38.983 111.117 284.000 0.000 2.000
254.000 38.717 111.583 285.000 0.000 2.000
255.000 38.917 111.817 286.000 0.000 2.000
256.000 38.467 111.133 287.000 0.000 2.000
257.000 38.333 111.633 288.000 0.000 2.000
258.000 38.350 111.933 289.000 0.000 2.000
259.000 38.067 111.783 290.000 0.000 2.000
260.000 38.750 112.700 291.000 0.083 2.000
261.000 38.417 112.717 292.000 0.083 2.000
262.000 38.500 112.983 293.000 0.000 2.000
263.000 37.933 112.483 294.000 0.833 2.000
264.000 38.067 112.667 295.000 0.083 2.000
265.000 37.733 112.550 296.000 0.500 2.000
266.000 38.300 114.367 297.000 0.062 2.000
267.000 38.833 113.367 298.000 0.000 2.000
268.000 38.633 114.683 299.000 0.083 2.000
269.000 38.067 113.417 300.000 0.000 2.000
270.000 37.783 113.633 301.000 0.167 2.000
271.000 38.433 114.550 302.000 0.000 2.000
272.000 38.017 115.067 303.000 0.167 2.000
273.000 38.833 114.233 304.000 0.000 2.000
274.000 38.150 114.550 305.000 0.833 2.000
275.000 38.767 114.983 306.000 0.000 2.000
276.000 38.033 114.133 307.000 0.083 2.000
277.000 38.300 114.200 308.000 0.000 2.000
278.000 38.350 114.683 309.000 0.000 2.000
279.000 38.517 115.017 310.000 0.333 2.000
280.000 38.017 114.833 311.000 0.083 2.000
281.000 38.033 114.417 312.000 0.417 2.000
282.000 38.200 114.967 313.000 0.000 2.000
283.000 37.533 105.183 314.000 0.000 3.000
284.000 37.483 105.667 315.000 0.000 3.000
285.000 36.933 105.250 316.000 0.000 3.000
286.000 37.783 107.400 317.000 0.000 3.000
287.000 37.167 107.117 318.000 0.000 3.000
288.000 37.850 108.717 320.000 0.000 3.000
289.000 37.183 109.700 321.000 0.000 3.000
290.000 37.433 110.883 322.000 0.000 3.000
291.000 37.117 110.117 323.000 0.000 3.000
292.000 36.983 110.833 324.000 0.000 3.000
293.000 37.917 112.167 325.000 0.000 2.000
294.000 37.500 111.100 326.000 0.083 2.000
295.000 37.333 111.167 327.000 0.000 2.000
296.000 37.150 111.750 328.000 0.417 2.000
297.000 37.250 111.783 329.000 0.250 2.000
298.000 37.350 112.350 330.000 0.083 2.000
299.000 37.450 112.050 331.000 0.333 2.000
300.000 36.333 114.617 332.000 0.000 2.000
301.000 37.617 112.333 333.000 0.417 2.000
302.000 37.417 112.583 334.000 0.167 2.000
303.000 37.683 112.767 335.000 0.083 2.000
304.000 37.533 112.150 336.000 0.333 2.000
305.000 37.183 112.217 337.000 0.167 2.000
306.000 37.900 113.167 338.000 0.000 2.000
307.000 36.867 114.500 339.000 0.250 2.000
308.000 37.600 113.700 341.000 0.000 2.000
309.000 37.767 114.733 342.000 0.000 2.000
310.000 37.483 114.683 343.000 0.000 2.000
311.000 37.083 113.367 344.000 0.000 2.000
312.000 37.067 112.983 345.000 0.000 2.000
313.000 37.333 113.567 346.000 0.000 2.000
314.000 37.883 114.633 347.000 0.000 2.000
315.000 37.600 114.600 348.000 0.000 2.000
316.000 37.750 114.533 349.000 0.000 2.000
317.000 37.350 114.767 351.000 0.000 2.000
318.000 37.650 114.367 352.000 0.000 2.000
319.000 37.633 114.917 353.000 0.083 2.000
320.000 37.233 114.983 356.000 0.000 2.000
321.000 36.567 105.650 357.000 0.000 3.000
322.000 36.983 105.917 358.000 0.000 3.000
323.000 36.000 106.267 359.000 0.000 5.000
324.000 36.583 107.300 360.000 0.000 3.000
325.000 35.983 107.900 361.000 0.000 5.000
326.000 36.883 109.317 362.000 0.000 3.000
327.000 36.883 110.183 363.000 0.000 3.000
328.000 36.750 110.633 364.000 0.000 3.000
329.000 36.700 110.950 365.000 0.000 3.000
330.000 36.467 110.750 366.000 0.000 3.000
331.000 36.067 110.183 367.000 0.000 3.000
332.000 36.100 110.683 368.000 0.000 3.000
333.000 36.983 111.167 369.000 0.000 2.000
334.000 35.883 111.417 370.000 0.083 5.000
335.000 36.850 111.800 371.000 0.000 2.000
336.000 37.050 111.933 372.000 0.312 2.000
337.000 36.400 111.100 373.000 0.000 2.000
338.000 36.650 111.550 374.000 0.000 2.000
339.000 36.233 111.667 375.000 0.083 2.000
340.000 36.067 111.500 376.000 0.333 2.000
341.000 36.583 111.717 377.000 0.417 2.000
342.000 36.833 112.850 378.000 0.000 2.000
343.000 36.767 112.683 379.000 0.000 2.000
344.000 36.117 112.867 380.000 0.000 2.000
345.000 36.267 111.917 381.000 0.000 2.000
346.000 36.517 112.350 382.000 0.000 2.000
347.000 36.167 112.250 383.000 0.000 2.000
348.000 36.317 112.883 384.000 0.000 2.000
349.000 36.333 113.233 385.000 0.000 2.000
350.000 37.300 106.483 386.000 0.000 3.000
351.000 36.050 113.067 387.000 0.000 2.000
352.000 37.133 114.700 388.000 0.000 2.000
353.000 36.517 113.033 389.000 0.000 2.000
354.000 36.133 113.200 390.000 0.000 2.000
355.000 36.567 113.667 391.000 0.167 2.000
356.000 36.200 113.433 392.000 0.000 2.000
357.000 36.067 113.817 393.000 0.083 2.000
358.000 37.000 114.683 395.000 0.000 2.000
359.000 36.600 114.500 396.000 0.417 2.000
360.000 36.767 114.950 397.000 0.000 2.000
361.000 36.417 114.217 398.000 0.333 2.000
362.000 36.767 114.500 399.000 0.333 2.000
363.000 36.350 114.950 400.000 0.000 2.000
364.000 36.383 114.400 401.000 0.083 2.000
365.000 36.483 114.967 403.000 0.000 2.000
366.000 35.967 105.717 404.000 0.000 6.000
367.000 35.517 105.717 405.000 0.000 6.000
368.000 35.667 106.200 406.000 0.000 5.000
369.000 35.617 106.100 407.000 0.000 5.000
370.000 35.550 106.667 408.000 0.000 5.000
371.000 35.483 106.333 409.000 0.000 5.000
372.000 35.217 106.050 410.000 0.000 5.000
373.000 35.733 107.633 411.000 0.000 5.000
374.000 35.683 107.183 413.000 0.000 5.000
375.000 35.333 107.350 414.000 0.000 5.000
376.000 35.217 106.633 415.000 0.000 5.000
377.000 35.300 107.017 416.000 0.000 5.000
378.000 36.450 107.983 417.000 0.000 3.000
379.000 35.817 108.017 418.000 0.000 5.000
380.000 35.500 108.350 419.000 0.000 5.000
381.000 35.967 110.850 421.000 0.000 5.000
382.000 35.583 110.950 422.000 0.000 5.000
383.000 35.400 110.833 423.000 0.000 5.000
384.000 35.617 110.717 424.000 0.167 5.000
385.000 35.150 110.717 425.000 0.000 5.000
386.000 35.650 111.483 427.000 0.071 5.000
387.000 35.733 111.700 428.000 0.167 5.000
388.000 35.650 111.367 429.000 0.143 5.000
389.000 35.617 111.217 430.000 0.083 5.000
390.000 35.517 111.567 431.000 0.000 5.000
391.000 35.983 111.833 432.000 0.000 5.000
392.000 35.333 111.200 433.000 0.083 5.000
393.000 35.700 112.183 435.000 0.000 5.000
394.000 35.117 112.917 436.000 0.083 5.000
395.000 35.783 112.917 437.000 0.000 5.000
396.000 35.617 114.183 438.000 0.000 5.000
397.000 35.483 112.400 439.000 0.083 5.000
398.000 35.467 112.833 440.000 0.167 5.000
399.000 35.100 112.633 441.000 0.143 5.000
400.000 35.183 113.050 442.000 0.083 5.000
401.000 35.783 113.267 443.000 0.000 5.000
402.000 35.233 113.267 444.000 0.250 5.000
403.000 35.050 114.433 445.000 0.000 5.000
404.000 35.233 113.417 446.000 0.000 5.000
405.000 35.450 113.817 447.000 0.357 5.000
406.000 35.317 113.883 448.000 0.417 5.000
407.000 35.117 113.367 449.000 0.000 5.000
408.000 35.267 113.667 450.000 0.000 5.000
409.000 35.050 113.950 451.000 0.000 5.000
410.000 35.933 114.350 452.000 0.000 5.000
411.000 35.667 114.517 453.000 0.083 5.000
412.000 35.933 114.917 454.000 0.000 5.000
413.000 35.583 114.500 455.000 0.083 5.000
414.000 36.450 114.700 456.000 0.000 2.000
415.000 35.150 114.183 457.000 0.000 5.000
416.000 35.200 114.667 458.000 0.000 5.000
417.000 44.567 120.900 459.000 0.000 1.000
418.000 44.883 121.817 460.000 0.000 1.000
419.000 44.133 123.300 461.000 0.000 1.000
420.000 44.250 123.967 462.000 0.000 1.000
421.000 44.900 127.150 463.000 0.000 1.000
422.000 44.583 129.400 464.000 0.071 1.000
423.000 44.933 130.550 465.000 0.071 1.000
424.000 44.567 129.600 466.000 0.143 1.000
425.000 44.333 129.467 467.000 0.000 1.000
426.000 44.100 131.183 468.000 0.062 1.000
427.000 43.950 116.067 469.000 0.000 2.000
428.000 43.533 118.650 470.000 0.000 2.000
429.000 43.600 118.067 471.000 0.000 2.000
430.000 43.250 117.533 472.000 0.000 2.000
431.000 43.883 120.050 473.000 0.000 1.000
432.000 43.600 121.283 474.000 0.000 1.000
433.000 43.600 122.267 475.000 0.062 1.000
434.000 42.300 115.000 476.000 0.000 2.000
435.000 42.250 115.983 477.000 0.000 2.000
436.000 42.183 116.467 478.000 0.000 2.000
437.000 42.950 119.033 479.000 0.000 1.000
438.000 42.850 120.650 480.000 0.000 1.000
439.000 42.283 119.917 481.000 0.000 1.000
440.000 42.333 120.700 482.000 0.000 1.000
441.000 42.967 122.350 483.000 0.000 1.000
442.000 42.733 121.783 484.000 0.000 1.000
443.000 42.417 122.533 485.000 0.077 1.000
444.000 42.100 124.950 486.000 0.000 1.000
445.000 42.767 129.400 487.000 0.083 1.000
446.000 41.667 115.700 488.000 0.000 2.000
447.000 40.967 115.283 489.000 0.000 2.000
448.000 41.883 115.267 490.000 0.000 2.000
449.000 41.217 116.633 491.000 0.000 2.000
450.000 41.933 118.700 492.000 0.000 2.000
451.000 41.517 118.750 493.000 0.000 2.000
452.000 41.317 117.717 494.000 0.000 2.000
453.000 40.983 118.617 495.000 0.000 2.000
454.000 41.600 119.350 496.000 0.000 1.000
455.000 41.683 122.017 497.000 0.000 1.000
456.000 41.083 123.000 498.000 0.333 1.000
457.000 40.150 116.650 500.000 0.417 2.000
458.000 39.983 116.283 501.000 1.000 2.000
459.000 40.783 114.883 502.000 0.167 2.000
460.000 40.900 115.833 503.000 0.000 2.000
461.000 40.383 115.217 504.000 0.000 2.000
462.000 40.600 116.133 505.000 0.000 2.000
463.000 40.383 116.833 507.000 0.083 2.000
464.000 40.300 116.617 508.000 0.062 2.000
465.000 40.933 117.317 509.000 0.000 2.000
466.000 40.650 117.117 510.000 0.000 2.000
467.000 40.967 117.933 511.000 0.083 2.000
468.000 40.150 117.100 512.000 0.000 2.000
469.000 40.400 117.483 513.000 0.000 2.000
470.000 40.033 117.400 514.000 0.167 2.000
471.000 40.200 117.950 515.000 0.083 2.000
472.000 40.767 118.167 516.000 0.000 2.000
473.000 40.600 118.483 518.000 0.000 2.000
474.000 39.950 116.417 519.000 1.000 2.000
475.000 40.150 118.300 520.000 0.000 2.000
476.000 39.500 118.667 521.000 0.000 2.000
477.000 39.883 118.900 522.000 0.000 2.000
478.000 40.000 118.750 523.000 0.083 2.000
479.000 40.350 120.350 524.000 0.083 1.000
480.000 40.583 120.700 525.000 0.000 1.000
481.000 40.667 122.267 526.000 0.250 1.000
482.000 40.417 122.350 527.000 0.083 1.000
483.000 40.167 122.150 528.000 0.000 1.000
484.000 40.883 123.900 529.000 0.000 1.000
485.000 40.467 124.067 530.000 0.083 1.000
486.000 40.050 124.333 531.000 0.062 1.000
487.000 40.250 116.233 532.000 0.625 2.000
488.000 39.967 115.683 533.000 0.000 2.000
489.000 39.483 115.983 534.000 0.167 2.000
490.000 39.050 115.850 535.000 0.000 2.000
491.000 39.917 116.117 536.000 0.750 2.000
492.000 39.333 115.850 537.000 0.083 2.000
493.000 39.350 115.500 538.000 0.000 2.000
494.000 39.883 116.983 539.000 0.000 2.000
495.000 39.433 116.283 541.000 0.000 2.000
496.000 39.933 116.167 542.000 0.917 2.000
497.000 39.867 116.250 543.000 1.000 2.000
498.000 39.500 116.700 544.000 0.167 2.000
499.000 39.117 116.383 545.000 0.000 2.000
500.000 39.967 117.083 546.000 0.083 2.000
501.000 39.767 116.983 547.000 0.000 2.000
502.000 39.883 117.733 548.000 0.083 2.000
503.000 39.400 117.100 549.000 0.333 2.000
504.000 39.700 117.283 550.000 0.125 2.000
505.000 39.067 117.417 551.000 1.000 2.000
506.000 39.217 117.117 553.000 0.833 2.000
507.000 39.350 117.817 554.000 0.250 2.000
508.000 39.233 117.767 555.000 0.083 2.000
509.000 39.717 118.750 556.000 0.000 2.000
510.000 39.800 118.100 557.000 0.250 2.000
511.000 39.550 118.117 558.000 0.250 2.000
512.000 39.633 118.167 559.000 0.500 2.000
513.000 39.283 118.450 560.000 0.000 2.000
514.000 39.417 118.900 561.000 0.000 2.000
515.000 39.717 119.167 562.000 0.000 1.000
516.000 39.083 121.700 564.000 0.500 1.000
517.000 39.400 121.967 565.000 0.000 1.000
518.000 39.267 122.583 566.000 0.000 1.000
519.000 39.717 122.950 567.000 0.083 1.000
520.000 39.883 124.150 568.000 0.083 1.000
521.000 39.750 116.333 569.000 0.500 2.000
522.000 39.033 115.650 572.000 0.083 2.000
523.000 38.683 115.783 574.000 0.083 2.000
524.000 38.417 115.333 575.000 0.083 2.000
525.000 38.917 115.933 576.000 0.000 2.000
526.000 38.233 115.733 577.000 0.000 2.000
527.000 38.683 115.133 578.000 0.000 2.000
528.000 38.033 115.533 579.000 0.000 2.000
529.000 38.183 115.550 580.000 0.000 2.000
530.000 38.717 116.083 581.000 0.250 2.000
531.000 38.950 115.317 582.000 0.312 2.000
532.000 38.867 116.450 583.000 0.000 2.000
533.000 38.700 116.617 584.000 0.000 2.000
534.000 38.450 116.083 585.000 0.000 2.000
535.000 38.583 116.833 586.000 0.083 2.000
536.000 38.333 116.833 587.000 0.250 2.000
537.000 38.183 116.117 588.000 0.000 2.000
538.000 38.917 116.917 590.000 0.083 2.000
539.000 38.483 115.567 591.000 0.000 2.000
540.000 38.183 115.183 592.000 0.000 2.000
541.000 38.983 117.367 593.000 0.667 2.000
542.000 38.983 117.717 594.000 0.167 2.000
543.000 38.367 117.350 595.000 0.083 2.000
544.000 38.417 115.817 596.000 0.000 2.000
545.000 37.067 115.150 597.000 0.000 2.000
546.000 37.067 115.033 598.000 0.000 2.000
547.000 37.517 115.233 599.000 0.000 2.000
548.000 38.983 116.100 600.000 0.000 2.000
549.000 36.917 114.867 601.000 0.000 2.000
550.000 38.050 117.083 602.000 0.000 2.000
551.000 38.833 121.233 603.000 0.167 1.000
552.000 38.900 121.633 604.000 0.312 1.000
553.000 38.000 115.883 605.000 0.000 2.000
554.000 37.917 115.217 606.000 0.083 2.000
555.000 37.733 115.700 607.000 0.167 2.000
556.000 37.583 115.550 609.000 0.000 2.000
557.000 37.367 115.383 610.000 0.000 2.000
558.000 37.350 115.967 612.000 0.000 2.000
559.000 37.500 115.750 613.000 0.000 2.000
560.000 37.867 116.167 614.000 0.000 2.000
561.000 37.683 116.267 615.000 0.000 2.000
562.000 37.183 116.883 616.000 0.000 2.000
563.000 37.883 116.533 617.000 0.000 2.000
564.000 37.433 116.317 618.000 0.167 2.000
565.000 37.333 116.567 619.000 0.000 2.000
566.000 37.650 116.800 620.000 0.000 2.000
567.000 37.633 116.400 621.000 0.000 2.000
568.000 37.150 116.433 622.000 0.000 2.000
569.000 37.767 117.583 623.000 0.000 2.000
570.000 37.500 117.533 624.000 0.000 2.000
571.000 37.717 117.183 625.000 0.000 2.000
572.000 37.167 117.783 627.000 0.000 2.000
573.000 37.683 118.117 628.000 0.000 2.000
574.000 37.367 118.017 629.000 0.167 2.000
575.000 37.150 118.133 631.000 0.000 2.000
576.000 37.050 118.350 632.000 0.000 2.000
577.000 37.600 118.533 633.000 0.375 2.000
578.000 37.183 119.933 634.000 0.083 0.000
579.000 37.917 120.767 635.000 0.000 0.000
580.000 37.817 120.750 636.000 0.000 0.000
581.000 37.617 120.317 637.000 0.083 0.000
582.000 37.300 120.817 638.000 0.000 0.000
583.000 37.483 122.133 639.000 0.167 0.000
584.000 37.400 122.683 640.000 0.000 0.000
585.000 37.183 122.033 641.000 0.000 0.000
586.000 37.167 122.383 642.000 0.000 0.000
587.000 36.933 115.183 643.000 0.000 2.000
588.000 36.850 115.483 644.000 0.000 2.000
589.000 36.850 115.717 645.000 0.000 2.000
590.000 36.300 115.150 646.000 0.000 2.000
591.000 36.483 115.450 647.000 0.000 2.000
592.000 36.467 115.967 648.000 0.250 2.000
593.000 36.550 115.300 650.000 0.000 2.000
594.000 36.867 116.267 651.000 0.083 2.000
595.000 36.933 116.633 652.000 0.083 2.000
596.000 36.583 116.217 653.000 0.000 2.000
597.000 35.983 115.867 654.000 0.000 5.000
598.000 36.283 116.433 655.000 0.083 2.000
599.000 36.233 116.767 656.000 0.000 2.000
600.000 36.817 115.167 657.000 0.000 2.000
601.000 36.983 117.117 658.000 0.000 2.000
602.000 36.900 117.733 659.000 0.188 2.000
603.000 36.683 116.983 660.000 0.583 2.000
604.000 36.517 117.833 661.000 0.250 2.000
605.000 36.250 117.100 662.000 0.250 2.000
606.000 36.167 117.150 663.000 0.250 2.000
607.000 36.250 117.650 664.000 0.417 2.000
608.000 36.833 118.000 665.000 0.667 2.000
609.000 36.700 118.467 666.000 0.143 2.000
610.000 36.883 118.717 667.000 0.167 2.000
611.000 36.500 118.550 668.000 0.000 2.000
612.000 36.183 118.150 669.000 0.000 2.000
613.000 36.767 119.933 670.000 0.083 0.000
614.000 36.417 119.167 672.000 0.000 0.000
615.000 36.383 119.717 673.000 0.167 0.000
616.000 36.267 120.000 675.000 0.333 0.000
617.000 36.867 120.483 676.000 0.167 0.000
618.000 36.933 120.700 677.000 0.000 0.000
619.000 36.383 120.467 678.000 0.583 0.000
620.000 36.067 120.333 679.000 0.167 0.000
621.000 36.900 121.483 680.000 0.000 0.000
622.000 36.767 121.167 681.000 0.000 0.000
623.000 36.867 122.433 682.000 0.000 0.000
624.000 35.700 115.017 683.000 0.071 5.000
625.000 36.067 115.183 684.000 0.000 2.000
626.000 35.917 115.150 685.000 0.000 5.000
627.000 35.600 115.917 686.000 0.000 5.000
628.000 35.033 116.667 688.000 0.000 4.000
629.000 35.283 115.083 689.000 0.000 5.000
630.000 35.800 116.083 690.000 0.000 4.000
631.000 35.900 116.300 691.000 0.000 4.000
632.000 35.717 116.483 692.000 0.000 4.000
633.000 35.750 116.800 693.000 0.000 4.000
634.000 35.417 116.100 694.000 0.083 4.000
635.000 35.433 116.583 695.000 0.250 4.000
636.000 35.567 116.850 696.000 0.167 4.000
637.000 35.100 116.300 697.000 0.000 4.000
638.000 35.600 116.983 698.000 0.071 4.000
639.000 35.417 117.000 699.000 0.083 4.000
640.000 35.650 117.267 700.000 0.000 4.000
641.000 35.900 117.733 702.000 0.286 4.000
642.000 35.717 117.917 703.000 0.083 4.000
643.000 35.500 117.617 704.000 0.071 4.000
644.000 35.117 117.133 705.000 0.250 4.000
645.000 35.250 117.950 706.000 0.083 4.000
646.000 35.800 118.667 707.000 0.071 4.000
647.000 35.550 118.450 708.000 0.000 4.000
648.000 35.583 118.833 709.000 0.083 4.000
649.000 35.250 118.833 711.000 0.071 4.000
650.000 35.750 119.200 712.000 0.000 4.000
651.000 35.883 120.000 713.000 0.167 4.000
652.000 35.383 119.533 714.000 0.083 4.000
653.000 33.017 97.017 715.000 0.000 0.000
654.000 33.800 97.133 716.000 0.000 0.000
655.000 34.733 101.600 717.000 0.000 6.000
656.000 33.433 101.483 718.000 0.000 6.000
657.000 34.583 102.500 719.000 0.000 6.000
658.000 35.000 102.900 720.000 0.000 6.000
659.000 34.700 103.350 721.000 0.000 6.000
660.000 34.067 103.217 722.000 0.000 6.000
661.000 34.850 104.450 723.000 0.000 6.000
662.000 35.000 104.650 724.000 0.000 6.000
663.000 34.433 104.017 725.000 0.000 6.000
664.000 33.783 104.367 726.000 0.000 6.000
665.000 34.033 104.383 727.000 0.000 6.000
666.000 33.400 104.917 728.000 0.000 6.000
667.000 33.267 104.233 729.000 0.000 6.000
668.000 32.200 96.483 730.000 0.000 0.000
669.000 31.733 98.567 731.000 0.000 6.000
670.000 31.617 100.000 732.000 0.000 6.000
671.000 31.217 98.833 733.000 0.000 6.000
672.000 32.933 100.750 734.000 0.000 6.000
673.000 31.400 100.667 735.000 0.000 6.000
674.000 30.983 101.117 736.000 0.000 6.000
675.000 31.483 102.067 737.000 0.000 6.000
676.000 32.900 101.700 738.000 0.000 6.000
677.000 31.900 102.233 739.000 0.000 6.000
678.000 32.800 102.550 740.000 0.000 6.000
679.000 31.683 103.850 741.000 0.000 6.000
680.000 30.633 103.667 742.000 0.091 6.000
681.000 32.650 103.567 743.000 0.000 6.000
682.000 31.467 103.583 744.000 0.000 6.000
683.000 31.433 103.167 745.000 0.000 6.000
684.000 32.083 102.983 746.000 0.000 6.000
685.000 31.333 104.200 747.000 0.000 6.000
686.000 30.700 103.833 748.000 0.083 6.000
687.000 30.983 103.667 749.000 0.091 6.000
688.000 30.983 103.933 750.000 0.000 6.000
689.000 32.950 104.667 751.000 0.000 6.000
690.000 32.417 104.517 752.000 0.000 6.000
691.000 31.783 104.733 753.000 0.182 6.000
692.000 31.467 104.683 754.000 0.182 6.000
693.000 31.133 104.183 755.000 0.091 6.000
694.000 31.033 104.683 757.000 0.000 6.000
695.000 30.933 100.317 758.000 0.000 6.000
696.000 30.000 100.267 759.000 0.000 6.000
697.000 30.883 101.883 760.000 0.000 6.000
698.000 30.817 103.883 761.000 0.273 6.000
699.000 30.383 102.817 762.000 0.000 6.000
700.000 30.067 102.767 764.000 0.000 6.000
701.000 30.150 102.933 765.000 0.000 6.000
702.000 30.083 103.117 766.000 0.000 6.000
703.000 30.200 103.517 767.000 0.000 6.000
704.000 30.417 103.483 768.000 0.000 6.000
705.000 30.600 103.517 769.000 0.000 6.000
706.000 30.550 104.250 770.000 0.000 6.000
707.000 29.983 103.000 771.000 0.000 6.000
708.000 30.200 103.867 772.000 0.083 6.000
709.000 30.833 104.150 773.000 0.250 6.000
710.000 30.967 104.283 774.000 0.182 6.000
711.000 30.383 104.550 775.000 0.000 6.000
712.000 30.017 104.150 776.000 0.000 6.000
713.000 30.117 104.650 777.000 0.083 6.000
714.000 29.050 100.300 778.000 0.000 6.000
715.000 29.917 102.233 779.000 0.000 6.000
716.000 29.783 102.850 780.000 0.000 6.000
717.000 30.050 101.967 781.000 0.000 6.000
718.000 29.350 102.683 782.000 0.000 6.000
719.000 29.233 102.350 783.000 0.000 6.000
720.000 29.917 103.367 784.000 0.000 6.000
721.000 30.017 103.517 785.000 0.000 6.000
722.000 29.733 103.600 786.000 0.000 6.000
723.000 29.833 103.833 787.000 0.000 6.000
724.000 29.600 103.483 788.000 0.000 6.000
725.000 29.517 103.333 789.000 0.000 6.000
726.000 29.567 103.750 790.000 0.000 6.000
727.000 29.233 103.267 791.000 0.000 6.000
728.000 29.200 103.950 792.000 0.000 6.000
729.000 29.667 104.067 793.000 0.000 6.000
730.000 29.767 104.850 794.000 0.000 6.000
731.000 29.450 104.433 795.000 0.000 6.000
732.000 29.517 104.667 796.000 0.000 6.000
733.000 29.350 104.767 797.000 0.083 6.000
734.000 29.183 104.983 798.000 0.000 6.000
735.000 28.717 99.283 799.000 0.000 6.000
736.000 28.933 99.800 800.000 0.000 6.000
737.000 28.450 98.883 801.000 0.000 6.000
738.000 29.000 101.500 803.000 0.000 6.000
739.000 28.550 102.167 804.000 0.000 6.000
740.000 28.650 102.517 805.000 0.000 6.000
741.000 28.300 102.433 806.000 0.000 6.000
742.000 28.000 102.850 807.000 0.000 6.000
743.000 28.833 103.550 808.000 0.000 6.000
744.000 28.267 103.583 810.000 0.000 6.000
745.000 28.950 103.900 812.000 0.000 6.000
746.000 28.850 104.967 813.000 0.000 6.000
747.000 28.050 104.250 815.000 0.000 6.000
748.000 28.383 104.783 816.000 0.000 6.000
749.000 27.833 99.700 817.000 0.000 6.000
750.000 27.167 99.283 818.000 0.000 6.000
751.000 27.433 101.517 819.000 0.000 6.000
752.000 27.300 100.850 820.000 0.000 6.000
753.000 27.417 102.183 821.000 0.000 6.000
754.000 27.900 102.267 822.000 0.083 6.000
755.000 27.067 102.750 823.000 0.000 6.000
756.000 27.717 102.800 824.000 0.000 6.000
757.000 27.750 103.883 825.000 0.000 6.000
758.000 27.700 103.250 826.000 0.000 6.000
759.000 27.167 103.550 827.000 0.000 6.000
760.000 27.333 103.750 828.000 0.000 6.000
761.000 28.583 104.917 829.000 0.000 6.000
762.000 27.600 104.017 830.000 0.000 6.000
763.000 27.417 104.850 831.000 0.000 6.000
764.000 27.833 105.050 832.000 0.000 6.000
765.000 26.533 99.917 835.000 0.000 8.000
766.000 26.117 99.967 836.000 0.000 8.000
767.000 26.683 100.750 838.000 0.000 8.000
768.000 26.583 100.183 839.000 0.000 8.000
769.000 26.633 101.267 840.000 0.000 8.000
770.000 26.050 101.683 842.000 0.000 8.000
771.000 26.900 102.117 843.000 0.000 8.000
772.000 26.650 102.250 844.000 0.000 8.000
773.000 26.883 102.883 845.000 0.000 8.000
774.000 26.650 102.583 846.000 0.000 8.000
775.000 26.417 103.283 847.000 0.000 8.000
776.000 26.100 103.167 848.000 0.000 8.000
777.000 26.217 104.083 849.000 0.000 8.000
778.000 25.017 98.500 850.000 0.083 8.000
779.000 25.900 99.367 851.000 0.000 8.000
780.000 25.683 99.950 852.000 0.000 8.000
781.000 25.467 99.517 853.000 0.000 8.000
782.000 25.117 99.167 854.000 0.300 8.000
783.000 25.700 100.183 855.000 0.083 8.000
784.000 25.833 100.567 856.000 0.000 8.000
785.000 25.350 100.483 857.000 0.000 8.000
786.000 25.483 100.583 858.000 0.000 8.000
787.000 25.267 100.283 859.000 0.000 8.000
788.000 25.717 101.317 860.000 0.000 8.000
789.000 25.733 101.867 861.000 0.000 8.000
790.000 25.333 101.517 863.000 0.000 8.000
791.000 25.183 101.283 864.000 0.000 8.000
792.000 25.017 101.533 865.000 0.000 8.000
793.000 25.233 102.500 866.000 0.000 8.000
794.000 25.533 102.417 867.000 0.000 8.000
795.000 25.583 102.433 868.000 0.000 8.000
796.000 25.150 102.067 869.000 0.000 8.000
797.000 25.017 102.683 870.000 0.600 8.000
798.000 25.550 103.267 871.000 0.000 8.000
799.000 25.417 103.550 872.000 0.000 8.000
800.000 25.333 103.033 873.000 0.200 8.000
801.000 25.583 103.833 874.000 0.100 8.000
802.000 25.033 103.667 875.000 0.000 8.000
803.000 25.667 104.250 876.000 0.000 8.000
804.000 24.700 97.950 878.000 0.000 0.000
805.000 24.017 97.850 879.000 0.083 0.000
806.000 24.817 98.300 881.000 0.000 8.000
807.000 24.600 98.683 882.000 0.000 8.000
808.000 24.733 99.183 883.000 0.000 8.000
809.000 24.833 99.617 884.000 0.000 8.000
810.000 24.433 98.583 885.000 0.100 8.000
811.000 24.600 99.900 886.000 0.000 8.000
812.000 24.033 99.233 887.000 0.000 8.000
813.000 25.050 100.533 888.000 0.000 8.000
814.000 24.450 100.133 889.000 0.000 8.000
815.000 24.683 101.600 891.000 0.000 8.000
816.000 24.933 102.483 892.000 0.300 8.000
817.000 24.067 101.967 893.000 0.100 8.000
818.000 24.667 102.167 894.000 0.000 8.000
819.000 24.683 102.617 895.000 0.000 8.000
820.000 24.950 102.617 896.000 0.083 8.000
821.000 24.350 102.550 897.000 0.333 8.000
822.000 24.283 102.767 898.000 0.100 8.000
823.000 24.117 102.750 899.000 0.167 8.000
824.000 24.200 102.917 900.000 0.000 8.000
825.000 24.917 103.167 901.000 0.000 8.000
826.000 24.733 103.267 902.000 0.000 8.000
827.000 24.883 102.800 903.000 0.000 8.000
828.000 24.833 103.983 904.000 0.000 8.000
829.000 24.400 103.450 905.000 0.000 8.000
830.000 24.533 103.767 906.000 0.000 8.000
831.000 24.050 104.183 907.000 0.000 8.000
832.000 24.183 102.400 908.000 0.000 8.000
833.000 23.150 99.267 909.000 0.000 8.000
834.000 23.550 99.400 910.000 0.000 8.000
835.000 22.333 99.617 912.000 0.000 8.000
836.000 23.467 99.800 913.000 0.000 8.000
837.000 23.500 100.700 915.000 0.000 8.000
838.000 22.567 99.933 916.000 0.000 8.000
839.000 21.917 100.417 917.000 0.000 8.000
840.000 21.483 101.567 921.000 0.000 8.000
841.000 23.700 102.483 922.000 0.000 8.000
842.000 23.617 102.833 923.000 0.100 8.000
843.000 23.367 102.433 924.000 0.000 8.000
844.000 23.000 102.417 927.000 0.000 8.000
845.000 23.700 103.250 928.000 0.000 8.000
846.000 23.383 103.150 929.000 0.000 8.000
847.000 23.383 103.383 930.000 0.200 8.000
848.000 22.783 103.233 931.000 0.000 8.000
849.000 22.500 103.950 932.000 0.000 8.000
850.000 23.617 104.333 933.000 0.000 8.000
851.000 23.450 104.683 934.000 0.000 8.000
852.000 23.383 104.250 935.000 0.100 8.000
853.000 23.133 104.700 936.000 0.000 8.000
854.000 34.750 105.333 937.000 0.000 6.000
855.000 34.867 105.667 938.000 0.000 6.000
856.000 34.733 104.883 939.000 0.000 6.000
857.000 34.583 105.750 940.000 0.083 6.000
858.000 34.183 105.183 941.000 0.000 6.000
859.000 34.033 105.300 942.000 0.000 6.000
860.000 34.750 106.150 943.000 0.000 5.000
861.000 35.000 106.183 944.000 0.000 5.000
862.000 34.550 105.883 945.000 0.071 6.000
863.000 34.033 107.317 946.000 0.000 5.000
864.000 34.783 109.183 947.000 0.083 5.000
865.000 34.883 110.450 949.000 0.167 5.000
866.000 34.700 110.717 950.000 0.071 5.000
867.000 35.167 111.233 951.000 0.083 5.000
868.000 34.850 111.200 952.000 0.167 5.000
869.000 34.767 111.767 953.000 0.000 5.000
870.000 34.500 112.183 954.000 0.071 5.000
871.000 34.383 111.667 955.000 0.000 5.000
872.000 34.717 112.150 957.000 0.000 5.000
873.000 34.833 112.433 958.000 0.000 5.000
874.000 34.917 112.783 959.000 0.000 5.000
875.000 34.183 112.833 960.000 0.083 5.000
876.000 34.717 112.817 961.000 0.083 5.000
877.000 33.783 111.633 962.000 0.000 5.000
878.000 34.150 112.467 963.000 0.000 5.000
879.000 34.950 113.083 964.000 0.000 5.000
880.000 34.733 112.967 965.000 0.083 5.000
881.000 34.500 113.050 966.000 0.000 5.000
882.000 34.417 113.700 967.000 0.000 5.000
883.000 34.217 113.783 968.000 0.083 5.000
884.000 34.150 113.500 969.000 0.083 5.000
885.000 34.717 114.017 971.000 0.083 5.000
886.000 34.767 114.383 972.000 0.250 5.000
887.000 34.850 114.817 973.000 0.000 5.000
888.000 34.400 114.200 974.000 0.000 5.000
889.000 34.117 114.183 975.000 0.000 5.000
890.000 34.550 114.800 976.000 0.000 5.000
891.000 34.083 114.400 977.000 0.000 5.000
892.000 34.067 114.850 978.000 0.000 5.000
893.000 33.750 105.717 979.000 0.000 6.000
894.000 33.333 105.600 980.000 0.000 6.000
895.000 33.783 106.083 981.000 0.000 5.000
896.000 33.917 106.300 982.000 0.000 5.000
897.000 33.633 106.933 983.000 0.000 5.000
898.000 32.983 107.717 984.000 0.000 5.000
899.000 33.700 110.300 985.000 0.000 5.000
900.000 33.300 111.500 986.000 0.000 5.000
901.000 34.150 112.083 987.000 0.000 5.000
902.000 33.750 112.917 989.000 0.000 5.000
903.000 33.050 112.233 990.000 0.000 5.000
904.000 33.483 112.433 991.000 0.000 5.000
905.000 33.283 113.000 993.000 0.000 5.000
906.000 33.967 113.217 994.000 0.000 5.000
907.000 33.883 113.050 995.000 0.000 5.000
908.000 33.850 113.500 996.000 0.000 5.000
909.000 33.817 113.950 997.000 0.167 5.000
910.000 33.633 113.350 998.000 0.000 5.000
911.000 33.450 113.583 999.000 0.000 5.000
912.000 33.583 114.000 1000.000 0.167 5.000
913.000 33.367 114.017 1001.000 0.091 5.000
914.000 33.150 113.983 1002.000 0.000 5.000
915.000 34.483 114.483 1003.000 0.000 5.000
916.000 33.283 114.267 1004.000 0.000 5.000
917.000 33.617 114.617 1005.000 0.182 5.000
918.000 33.450 114.900 1006.000 0.000 5.000
919.000 32.583 105.233 1007.000 0.000 6.000
920.000 32.350 106.833 1009.000 0.000 5.000
921.000 32.233 106.283 1010.000 0.000 5.000
922.000 32.233 109.717 1011.000 0.000 5.000
923.000 32.983 110.350 1012.000 0.000 5.000
924.000 32.217 110.167 1013.000 0.000 5.000
925.000 32.567 111.517 1014.000 0.000 5.000
926.000 33.133 111.500 1015.000 0.083 5.000
927.000 32.550 112.383 1016.000 0.071 5.000
928.000 32.683 112.850 1017.000 0.000 5.000
929.000 32.700 112.083 1018.000 0.071 5.000
930.000 32.033 112.167 1019.000 0.273 5.000
931.000 32.150 112.667 1020.000 0.000 5.000
932.000 32.700 113.300 1021.000 0.000 5.000
933.000 32.367 113.383 1022.000 0.000 5.000
934.000 32.950 114.633 1024.000 0.000 5.000
935.000 32.733 114.983 1025.000 0.000 5.000
936.000 32.600 114.383 1026.000 0.000 5.000
937.000 32.350 114.733 1027.000 0.000 5.000
938.000 32.133 114.050 1028.000 0.250 5.000
939.000 32.217 114.550 1029.000 0.000 5.000
940.000 32.033 114.900 1030.000 0.000 5.000
941.000 31.733 105.917 1031.000 0.000 6.000
942.000 31.650 105.150 1032.000 0.000 6.000
943.000 31.583 105.967 1033.000 0.091 6.000
944.000 31.100 105.083 1034.000 0.000 6.000
945.000 31.217 105.383 1035.000 0.000 6.000
946.000 30.983 105.883 1036.000 0.000 6.000
947.000 31.850 106.767 1037.000 0.000 5.000
948.000 31.350 106.050 1038.000 0.000 5.000
949.000 31.533 106.400 1039.000 0.000 5.000
950.000 31.033 106.417 1040.000 0.000 5.000
951.000 31.067 106.550 1041.000 0.000 5.000
952.000 31.933 107.233 1042.000 0.000 5.000
953.000 31.567 107.100 1043.000 0.000 5.000
954.000 31.367 107.717 1044.000 0.000 5.000
955.000 31.200 107.500 1045.000 0.083 5.000
956.000 31.083 107.850 1046.000 0.000 5.000
957.000 31.950 108.667 1047.000 0.000 5.000
958.000 31.200 108.433 1048.000 0.000 5.000
959.000 31.400 109.617 1050.000 0.000 5.000
960.000 31.067 109.867 1051.000 0.000 5.000
961.000 31.067 110.400 1052.000 0.000 5.000
962.000 31.750 110.667 1056.000 0.000 5.000
963.000 31.783 111.783 1057.000 0.000 5.000
964.000 31.050 112.200 1059.000 0.083 5.000
965.000 31.167 112.567 1060.000 0.091 5.000
966.000 31.617 113.767 1061.000 0.091 5.000
967.000 31.267 113.700 1062.000 0.083 5.000
968.000 31.800 114.067 1063.000 0.000 5.000
969.000 31.567 114.067 1064.000 0.000 5.000
970.000 31.633 114.850 1065.000 0.000 5.000
971.000 31.183 114.967 1066.000 0.091 5.000
972.000 30.867 105.383 1067.000 0.000 6.000
973.000 30.767 105.700 1068.000 0.000 6.000
974.000 30.500 105.583 1069.000 0.083 6.000
975.000 30.283 105.033 1070.000 0.000 6.000
976.000 30.117 105.350 1071.000 0.000 6.000
977.000 30.183 105.833 1072.000 0.091 6.000
978.000 30.850 106.967 1073.000 0.000 5.000
979.000 30.550 106.450 1074.000 0.000 5.000
980.000 30.467 106.633 1075.000 0.000 5.000
981.000 30.333 106.933 1076.000 0.000 5.000
982.000 30.750 107.200 1077.000 0.000 5.000
983.000 30.683 107.800 1078.000 0.000 5.000
984.000 30.767 108.400 1079.000 0.167 5.000
985.000 30.300 108.933 1080.000 0.000 5.000
986.000 30.600 109.700 1081.000 0.000 5.000
987.000 30.283 109.467 1082.000 0.000 5.000
988.000 30.467 111.167 1084.000 0.000 5.000
989.000 30.400 111.433 1085.000 0.000 5.000
990.000 30.433 111.667 1086.000 0.000 5.000
991.000 30.433 112.833 1088.000 0.091 5.000
992.000 30.400 112.083 1089.000 0.167 5.000
993.000 30.067 112.150 1090.000 0.083 5.000
994.000 30.950 113.500 1091.000 0.083 5.000
995.000 30.583 113.967 1095.000 0.091 5.000
996.000 30.867 114.333 1096.000 0.091 5.000
997.000 30.850 114.750 1097.000 0.000 5.000
998.000 30.400 114.333 1098.000 0.000 5.000
999.000 30.617 114.133 1099.000 0.636 5.000
1000.000 30.100 114.967 1100.000 0.167 5.000
1001.000 29.417 105.600 1101.000 0.000 6.000
1002.000 29.583 106.233 1102.000 0.100 5.000
1003.000 29.283 106.250 1103.000 0.000 5.000
1004.000 29.383 106.517 1104.000 0.000 5.000
1005.000 29.983 109.383 1105.000 0.000 5.000
1006.000 29.467 109.450 1106.000 0.000 5.000
1007.000 29.400 110.167 1107.000 0.000 5.000
1008.000 29.133 110.467 1108.000 0.100 5.000
1009.000 29.583 111.367 1109.000 0.000 5.000
1010.000 29.433 111.133 1110.000 0.000 5.000
1011.000 29.650 111.750 1111.000 0.000 5.000
1012.000 29.450 111.650 1112.000 0.000 5.000
1013.000 29.833 112.833 1113.000 0.000 5.000
1014.000 29.517 112.567 1114.000 0.000 5.000
1015.000 29.817 113.400 1115.000 0.083 5.000
1016.000 29.383 113.083 1117.000 0.100 5.000
1017.000 29.483 113.450 1118.000 0.000 5.000
1018.000 28.817 105.833 1120.000 0.000 6.000
1019.000 28.783 105.383 1121.000 0.000 6.000
1020.000 28.033 105.817 1122.000 0.000 6.000
1021.000 28.167 105.433 1123.000 0.000 6.000
1022.000 28.700 109.633 1124.000 0.000 5.000
1023.000 29.000 109.833 1125.000 0.000 5.000
1024.000 28.617 109.950 1126.000 0.000 5.000
1025.000 28.467 110.400 1128.000 0.000 5.000
1026.000 28.283 110.150 1129.000 0.000 5.000
1027.000 28.017 110.200 1130.000 0.000 5.000
1028.000 28.917 111.483 1131.000 0.000 5.000
1029.000 29.050 111.683 1132.000 0.167 5.000
1030.000 28.900 111.967 1133.000 0.000 5.000
1031.000 28.517 112.133 1134.000 0.000 5.000
1032.000 28.383 111.217 1135.000 0.000 5.000
1033.000 28.683 112.883 1136.000 0.000 5.000
1034.000 28.567 112.383 1137.000 0.200 5.000
1035.000 28.800 113.067 1138.000 0.083 5.000
1036.000 28.700 113.583 1139.000 0.000 5.000
1037.000 28.150 113.633 1140.000 0.000 5.000
1038.000 28.233 114.917 1141.000 0.000 5.000
1039.000 27.100 106.733 1142.000 0.000 5.000
1040.000 27.950 109.600 1143.000 0.000 5.000
1041.000 27.367 109.167 1144.000 0.000 5.000
1042.000 27.450 109.683 1145.000 0.000 5.000
1043.000 27.917 110.600 1146.000 0.000 5.000
1044.000 27.067 110.583 1148.000 0.000 5.000
1045.000 27.700 111.450 1149.000 0.000 5.000
1046.000 27.750 111.300 1150.000 0.000 5.000
1047.000 27.700 111.683 1151.000 0.000 5.000
1048.000 27.733 112.000 1152.000 0.083 5.000
1049.000 27.233 111.467 1153.000 0.200 5.000
1050.000 27.117 111.033 1154.000 0.100 5.000
1051.000 27.317 111.450 1155.000 0.250 5.000
1052.000 27.233 111.733 1156.000 0.000 5.000
1053.000 27.917 112.533 1157.000 0.000 5.000
1054.000 27.750 112.500 1158.000 0.000 5.000
1055.000 27.883 112.917 1159.000 0.300 5.000
1056.000 27.300 112.700 1160.000 0.000 5.000
1057.000 27.233 112.867 1161.000 0.000 5.000
1058.000 27.100 112.950 1162.000 0.000 5.000
1059.000 27.000 113.350 1163.000 0.000 7.000
1060.000 27.650 113.500 1164.000 0.000 5.000
1061.000 27.650 113.850 1165.000 0.000 5.000
1062.000 27.133 113.950 1166.000 0.000 5.000
1063.000 27.800 114.383 1167.000 0.167 5.000
1064.000 27.117 114.967 1168.000 0.100 5.000
1065.000 26.250 105.917 1169.000 0.083 8.000
1066.000 26.567 109.667 1170.000 0.100 7.000
1067.000 26.883 109.683 1171.000 0.000 7.000
1068.000 26.167 109.783 1172.000 0.000 7.000
1069.000 26.450 110.850 1173.000 0.000 7.000
1070.000 26.733 110.633 1174.000 0.000 7.000
1071.000 26.367 110.317 1175.000 0.000 7.000
1072.000 26.050 110.633 1176.000 0.000 7.000
1073.000 27.000 111.267 1177.000 0.000 7.000
1074.000 26.233 111.617 1178.000 0.000 7.000
1075.000 26.600 111.867 1179.000 0.000 7.000
1076.000 26.800 112.100 1180.000 0.000 7.000
1077.000 26.983 112.367 1181.000 0.000 7.000
1078.000 26.900 112.600 1182.000 0.333 7.000
1079.000 26.417 112.400 1183.000 0.000 7.000
1080.000 26.400 112.850 1185.000 0.000 7.000
1081.000 26.717 113.250 1186.000 0.000 7.000
1082.000 26.783 113.550 1187.000 0.000 7.000
1083.000 26.500 113.783 1189.000 0.000 7.000
1084.000 26.133 113.117 1190.000 0.000 7.000
1085.000 26.083 113.950 1191.000 0.000 7.000
1086.000 26.933 114.250 1192.000 0.000 7.000
1087.000 26.583 114.167 1193.000 0.000 7.000
1088.000 26.467 114.783 1194.000 0.000 7.000
1089.000 26.800 114.917 1195.000 0.000 7.000
1090.000 25.017 107.167 1196.000 0.000 7.000
1091.000 25.783 109.600 1197.000 0.000 7.000
1092.000 25.800 110.000 1198.000 0.000 7.000
1093.000 25.217 109.400 1199.000 0.000 7.000
1094.000 25.083 109.200 1200.000 0.000 7.000
1095.000 24.967 110.000 1201.000 0.000 7.000
1096.000 25.233 110.183 1202.000 0.000 7.000
1097.000 25.633 110.650 1203.000 0.000 7.000
1098.000 25.417 110.317 1204.000 0.200 7.000
1099.000 25.333 110.300 1205.000 0.417 7.000
1100.000 25.933 111.067 1206.000 0.000 7.000
1101.000 25.483 111.150 1207.000 0.000 7.000
1102.000 25.533 111.600 1208.000 0.000 7.000
1103.000 25.600 111.950 1209.000 0.000 7.000
1104.000 25.267 111.333 1210.000 0.000 7.000
1105.000 25.917 112.200 1211.000 0.000 7.000
1106.000 25.750 112.717 1212.000 0.000 7.000
1107.000 25.583 112.367 1213.000 0.000 7.000
1108.000 25.417 112.950 1214.000 0.000 7.000
1109.000 25.283 112.550 1215.000 0.000 7.000
1110.000 25.567 113.683 1217.000 0.000 7.000
1111.000 25.100 113.733 1218.000 0.000 7.000
1112.000 25.700 114.300 1219.000 0.000 7.000
1113.000 25.800 114.550 1220.000 0.000 7.000
1114.000 25.667 114.750 1221.000 0.083 7.000
1115.000 25.850 114.950 1222.000 0.250 7.000
1116.000 25.400 114.350 1223.000 0.000 7.000
1117.000 25.400 114.933 1224.000 0.083 7.000
1118.000 25.133 114.317 1225.000 0.100 7.000
1119.000 34.433 115.100 1226.000 0.083 5.000
1120.000 34.817 115.550 1227.000 0.000 5.000
1121.000 34.650 115.150 1228.000 0.000 5.000
1122.000 34.467 115.333 1230.000 0.000 5.000
1123.000 34.800 116.067 1231.000 0.071 4.000
1124.000 34.683 116.583 1232.000 0.000 4.000
1125.000 34.717 116.917 1233.000 0.083 4.000
1126.000 34.417 116.350 1234.000 0.083 4.000
1127.000 34.183 116.917 1235.000 0.000 4.000
1128.000 34.250 116.133 1236.000 0.000 4.000
1129.000 34.850 117.133 1237.000 0.214 4.000
1130.000 34.867 117.583 1238.000 0.417 4.000
1131.000 34.567 117.733 1239.000 0.083 4.000
1132.000 34.283 117.150 1241.000 0.583 4.000
1133.000 34.617 118.367 1242.000 0.083 4.000
1134.000 34.350 118.350 1243.000 0.167 4.000
1135.000 34.517 118.733 1244.000 0.083 4.000
1136.000 34.100 118.750 1245.000 0.083 4.000
1137.000 34.833 119.117 1246.000 0.083 4.000
1138.000 34.783 119.433 1247.000 0.167 4.000
1139.000 34.600 119.167 1248.000 0.286 4.000
1140.000 34.300 119.233 1249.000 0.000 4.000
1141.000 34.100 119.350 1250.000 0.000 4.000
1142.000 34.033 119.817 1251.000 0.083 4.000
1143.000 33.883 115.483 1252.000 0.000 5.000
1144.000 33.867 115.767 1253.000 0.091 5.000
1145.000 33.267 115.367 1255.000 0.000 5.000
1146.000 33.183 115.617 1256.000 0.000 5.000
1147.000 33.933 116.383 1257.000 0.000 4.000
1148.000 33.500 116.200 1258.000 0.000 4.000
1149.000 33.283 116.550 1260.000 0.000 4.000
1150.000 33.550 117.533 1262.000 0.000 4.000
1151.000 33.467 117.867 1263.000 0.000 4.000
1152.000 33.300 117.317 1265.000 0.000 4.000
1153.000 33.883 117.917 1267.000 0.000 4.000
1154.000 33.950 118.233 1268.000 0.214 4.000
1155.000 33.700 118.717 1269.000 0.071 4.000
1156.000 33.450 118.217 1270.000 0.000 4.000
1157.000 33.300 118.850 1272.000 0.000 4.000
1158.000 33.783 119.267 1273.000 0.091 4.000
1159.000 33.800 119.800 1274.000 0.083 4.000
1160.000 33.533 119.167 1275.000 0.091 4.000
1161.000 33.483 119.817 1276.000 0.182 4.000
1162.000 33.033 119.033 1277.000 0.091 4.000
1163.000 33.233 119.300 1278.000 0.083 4.000
1164.000 33.767 120.250 1279.000 0.000 4.000
1165.000 33.383 120.150 1280.000 0.167 4.000
1166.000 33.200 120.483 1281.000 0.000 4.000
1167.000 32.633 115.583 1282.000 0.000 5.000
1168.000 32.917 115.817 1283.000 0.182 5.000
1169.000 32.450 115.417 1284.000 0.000 5.000
1170.000 32.150 115.033 1285.000 0.000 5.000
1171.000 32.167 115.667 1286.000 0.091 5.000
1172.000 32.717 116.733 1288.000 0.273 4.000
1173.000 32.333 116.283 1289.000 0.000 4.000
1174.000 32.467 117.150 1291.000 0.000 4.000
1175.000 32.867 117.550 1293.000 0.000 4.000
1176.000 32.783 117.983 1294.000 0.000 4.000
1177.000 32.650 117.017 1295.000 0.429 4.000
1178.000 32.100 118.267 1296.000 0.000 4.000
1179.000 32.450 118.417 1297.000 0.071 4.000
1180.000 32.350 118.833 1298.000 0.214 4.000
1181.000 32.300 118.300 1299.000 0.167 4.000
1182.000 32.050 118.617 1300.000 0.286 4.000
1183.000 32.683 119.017 1302.000 0.000 4.000
1184.000 32.283 119.167 1303.000 0.182 4.000
1185.000 32.933 119.833 1304.000 0.091 4.000
1186.000 32.450 119.567 1305.000 0.286 4.000
1187.000 32.417 119.417 1306.000 0.545 4.000
1188.000 32.250 119.817 1307.000 0.071 4.000
1189.000 32.200 120.000 1308.000 0.083 4.000
1190.000 32.517 120.150 1309.000 0.083 4.000
1191.000 32.867 120.317 1310.000 0.000 4.000
1192.000 32.183 119.467 1311.000 0.182 4.000
1193.000 32.550 120.450 1312.000 0.083 4.000
1194.000 32.383 120.567 1313.000 0.091 4.000
1195.000 32.017 120.300 1314.000 0.417 4.000
1196.000 32.067 121.600 1316.000 0.000 4.000
1197.000 32.100 121.083 1317.000 0.000 4.000
1198.000 31.800 121.667 1318.000 0.000 4.000
1199.000 31.800 115.383 1319.000 0.000 5.000
1200.000 31.683 115.883 1320.000 0.000 5.000
1201.000 31.750 116.483 1321.000 0.143 4.000
1202.000 31.400 116.333 1322.000 0.071 4.000
1203.000 31.450 116.967 1323.000 0.000 4.000
1204.000 30.867 116.367 1324.000 0.000 4.000
1205.000 31.050 116.950 1325.000 0.000 4.000
1206.000 31.867 117.467 1327.000 0.000 4.000
1207.000 31.250 117.283 1328.000 0.000 4.000
1208.000 31.317 117.917 1329.000 0.000 4.000
1209.000 31.333 118.383 1330.000 0.273 4.000
1210.000 31.567 118.500 1331.000 0.083 4.000
1211.000 31.700 118.517 1332.000 0.357 4.000
1212.000 31.083 118.183 1333.000 0.000 4.000
1213.000 31.317 118.883 1334.000 0.091 4.000
1214.000 31.667 119.033 1335.000 0.091 4.000
1215.000 31.983 119.583 1336.000 0.091 4.000
1216.000 31.750 119.550 1337.000 0.083 4.000
1217.000 31.950 119.167 1339.000 0.000 4.000
1218.000 31.433 119.483 1340.000 0.091 4.000
1219.000 31.367 119.817 1341.000 0.182 4.000
1220.000 31.917 120.300 1342.000 0.833 4.000
1221.000 31.650 120.733 1343.000 0.357 4.000
1222.000 31.867 120.550 1344.000 0.500 4.000
1223.000 31.583 120.317 1345.000 0.818 4.000
1224.000 31.417 120.950 1346.000 0.583 4.000
1225.000 31.067 120.433 1347.000 0.000 4.000
1226.000 31.150 120.633 1348.000 0.231 4.000
1227.000 31.900 121.200 1349.000 0.000 4.000
1228.000 31.117 121.383 1350.000 1.000 4.000
1229.000 31.417 121.467 1351.000 0.818 4.000
1230.000 31.367 121.250 1352.000 0.833 4.000
1231.000 31.617 121.450 1353.000 0.000 4.000
1232.000 31.167 121.433 1354.000 1.000 4.000
1233.000 31.050 121.750 1355.000 0.083 4.000
1234.000 31.467 121.100 1356.000 0.167 4.000
1235.000 30.783 115.333 1357.000 0.000 5.000
1236.000 30.467 115.200 1358.000 0.000 5.000
1237.000 30.250 115.050 1359.000 0.250 5.000
1238.000 30.233 115.383 1360.000 0.091 5.000
1239.000 30.633 116.583 1361.000 0.000 4.000
1240.000 30.167 116.133 1362.000 0.000 4.000
1241.000 30.717 117.217 1364.000 0.000 4.000
1242.000 30.633 117.867 1365.000 0.000 4.000
1243.000 30.300 118.133 1367.000 0.000 4.000
1244.000 30.667 117.483 1368.000 0.091 4.000
1245.000 30.283 117.483 1369.000 0.000 4.000
1246.000 30.967 117.783 1370.000 0.273 4.000
1247.000 30.300 118.533 1371.000 0.000 4.000
1248.000 30.133 118.150 1372.000 0.000 4.000
1249.000 30.083 118.583 1373.000 0.100 4.000
1250.000 31.000 119.900 1374.000 0.083 4.000
1251.000 30.650 119.683 1375.000 0.083 4.000
1252.000 30.233 119.700 1376.000 0.000 4.000
1253.000 30.050 119.950 1377.000 0.333 4.000
1254.000 30.850 120.083 1378.000 0.167 4.000
1255.000 30.850 120.883 1379.000 0.167 4.000
1256.000 30.783 120.733 1380.000 0.182 4.000
1257.000 30.533 120.067 1382.000 0.000 4.000
1258.000 30.633 120.533 1384.000 0.182 4.000
1259.000 30.233 120.167 1385.000 0.545 4.000
1260.000 30.517 120.950 1386.000 0.083 4.000
1261.000 30.200 120.317 1387.000 0.667 4.000
1262.000 31.150 121.117 1389.000 0.308 4.000
1263.000 31.017 121.250 1390.000 0.333 4.000
1264.000 30.933 121.450 1391.000 0.250 4.000
1265.000 30.633 121.100 1392.000 0.000 4.000
1266.000 30.733 122.450 1394.000 0.000 4.000
1267.000 30.033 122.117 1395.000 0.000 4.000
1268.000 29.867 115.550 1396.000 0.083 5.000
1269.000 29.733 116.000 1397.000 0.250 5.000
1270.000 29.683 115.667 1398.000 0.100 5.000
1271.000 29.583 115.983 1399.000 0.000 5.000
1272.000 29.283 115.100 1400.000 0.000 5.000
1273.000 29.333 115.767 1401.000 0.100 5.000
1274.000 29.050 115.817 1402.000 0.000 5.000
1275.000 29.450 116.050 1403.000 0.000 4.000
1276.000 29.267 116.200 1404.000 0.000 4.000
1277.000 29.000 116.683 1405.000 0.000 4.000
1278.000 29.917 117.933 1406.000 0.000 4.000
1279.000 29.300 117.200 1407.000 0.250 4.000
1280.000 29.267 117.850 1408.000 0.000 4.000
1281.000 29.867 118.433 1409.000 0.100 4.000
1282.000 29.717 118.283 1410.000 0.200 4.000
1283.000 29.167 118.400 1411.000 0.000 4.000
1284.000 29.817 119.683 1412.000 0.100 4.000
1285.000 29.617 119.017 1413.000 0.000 4.000
1286.000 29.483 119.267 1414.000 0.000 4.000
1287.000 29.467 119.883 1415.000 0.000 4.000
1288.000 29.033 119.183 1416.000 0.100 4.000
1289.000 29.217 119.467 1417.000 0.200 4.000
1290.000 29.117 119.650 1418.000 0.333 4.000
1291.000 29.700 120.267 1419.000 0.083 4.000
1292.000 29.517 120.883 1421.000 0.000 4.000
1293.000 29.600 120.817 1422.000 0.167 4.000
1294.000 29.317 120.067 1423.000 0.300 4.000
1295.000 29.283 120.300 1424.000 0.250 4.000
1296.000 29.150 121.033 1425.000 0.083 4.000
1297.000 29.867 121.567 1426.000 0.700 4.000
1298.000 29.667 121.433 1427.000 0.100 4.000
1299.000 29.300 121.433 1428.000 0.083 4.000
1300.000 29.200 121.950 1429.000 0.083 4.000
1301.000 29.950 122.300 1430.000 0.000 4.000
1302.000 28.700 115.383 1431.000 0.000 5.000
1303.000 28.850 115.550 1432.000 0.000 5.000
1304.000 28.417 115.383 1433.000 0.100 5.000
1305.000 28.600 115.917 1434.000 0.417 5.000
1306.000 28.067 115.550 1435.000 0.000 5.000
1307.000 28.700 116.683 1436.000 0.000 4.000
1308.000 28.383 116.267 1437.000 0.000 4.000
1309.000 28.683 117.083 1438.000 0.000 4.000
1310.000 28.200 116.817 1439.000 0.000 4.000
1311.000 28.317 117.717 1440.000 0.000 4.000
1312.000 28.900 118.500 1441.000 0.000 4.000
1313.000 28.750 118.633 1442.000 0.083 4.000
1314.000 28.683 118.250 1443.000 0.000 4.000
1315.000 28.433 118.200 1444.000 0.000 4.000
1316.000 28.450 117.983 1445.000 0.083 4.000
1317.000 28.900 120.033 1446.000 0.083 4.000
1318.000 28.450 119.917 1447.000 0.083 4.000
1319.000 28.083 119.133 1448.000 0.000 4.000
1320.000 28.867 120.733 1449.000 0.100 4.000
1321.000 28.117 120.950 1450.000 0.333 4.000
1322.000 28.150 120.683 1451.000 0.083 4.000
1323.000 28.017 120.667 1452.000 0.700 4.000
1324.000 28.867 121.117 1453.000 0.300 4.000
1325.000 28.383 121.350 1454.000 0.083 4.000
1326.000 28.633 121.417 1455.000 0.400 4.000
1327.000 28.450 121.883 1456.000 0.000 4.000
1328.000 28.083 121.283 1457.000 0.000 4.000
1329.000 27.433 115.833 1459.000 0.000 5.000
1330.000 27.767 116.050 1460.000 0.000 4.000
1331.000 27.917 116.783 1461.000 0.000 4.000
1332.000 27.717 117.067 1462.000 0.000 4.000
1333.000 27.550 116.217 1463.000 0.000 4.000
1334.000 27.583 116.650 1464.000 0.000 4.000
1335.000 27.217 116.533 1465.000 0.000 4.000
1336.000 27.300 116.933 1466.000 0.000 4.000
1337.000 27.517 117.300 1467.000 0.000 4.000
1338.000 27.767 118.033 1468.000 0.000 4.000
1339.000 27.917 118.533 1469.000 0.000 4.000
1340.000 27.050 118.317 1470.000 0.000 4.000
1341.000 28.117 119.550 1471.000 0.000 4.000
1342.000 27.567 119.700 1472.000 0.000 4.000
1343.000 27.150 119.350 1473.000 0.000 4.000
1344.000 27.150 119.633 1474.000 0.000 4.000
1345.000 27.783 120.083 1475.000 0.000 4.000
1346.000 27.800 120.617 1476.000 0.250 4.000
1347.000 27.333 120.200 1477.000 0.000 4.000
1348.000 27.833 121.150 1478.000 0.000 4.000
1349.000 26.350 115.350 1479.000 0.000 7.000
1350.000 26.483 116.017 1480.000 0.000 7.000
1351.000 26.850 116.333 1481.000 0.000 7.000
1352.000 26.233 116.633 1482.000 0.000 7.000
1353.000 26.733 117.467 1483.000 0.000 7.000
1354.000 26.833 116.850 1484.000 0.000 7.000
1355.000 26.800 117.800 1485.000 0.000 7.000
1356.000 26.400 117.150 1486.000 0.000 7.000
1357.000 26.267 117.617 1487.000 0.100 7.000
1358.000 26.650 118.167 1488.000 0.000 7.000
1359.000 26.583 118.733 1489.000 0.000 7.000
1360.000 26.167 118.150 1490.000 0.000 7.000
1361.000 26.233 118.850 1491.000 0.000 7.000
1362.000 26.883 120.000 1492.000 0.083 7.000
1363.000 26.500 119.533 1493.000 0.000 7.000
1364.000 25.867 116.033 1494.000 0.100 7.000
1365.000 25.967 115.417 1495.000 0.000 7.000
1366.000 25.150 115.400 1496.000 0.000 7.000
1367.000 25.683 116.750 1497.000 0.000 7.000
1368.000 25.967 117.350 1498.000 0.000 7.000
1369.000 25.700 117.833 1499.000 0.000 7.000
1370.000 25.300 117.400 1500.000 0.000 7.000
1371.000 25.100 117.017 1501.000 0.167 7.000
1372.000 25.000 117.517 1502.000 0.000 7.000
1373.000 25.067 118.150 1503.000 0.083 7.000
1374.000 25.717 118.100 1504.000 0.000 7.000
1375.000 25.867 118.933 1505.000 0.000 7.000
1376.000 26.917 118.983 1506.000 0.000 7.000
1377.000 25.333 118.267 1507.000 0.000 7.000
1378.000 25.367 118.700 1508.000 0.083 7.000
1379.000 25.717 119.383 1509.000 0.500 7.000
1380.000 25.433 119.000 1510.000 0.500 7.000
1381.000 24.783 105.350 1511.000 0.000 8.000
1382.000 24.483 105.083 1512.000 0.000 8.000
1383.000 24.067 105.067 1513.000 0.000 8.000
1384.000 24.783 106.567 1514.000 0.000 7.000
1385.000 24.350 106.550 1515.000 0.000 7.000
1386.000 24.283 106.233 1516.000 0.000 7.000
1387.000 24.550 107.033 1517.000 0.000 7.000
1388.000 24.983 107.533 1518.000 0.000 7.000
1389.000 24.700 108.050 1519.000 0.000 7.000
1390.000 24.517 107.367 1520.000 0.000 7.000
1391.000 24.850 108.250 1522.000 0.000 7.000
1392.000 24.833 108.883 1523.000 0.000 7.000
1393.000 24.067 108.650 1525.000 0.000 7.000
1394.000 24.650 109.233 1526.000 0.000 7.000
1395.000 24.467 109.367 1527.000 0.200 7.000
1396.000 24.483 109.733 1528.000 0.000 7.000
1397.000 24.350 109.400 1529.000 0.583 7.000
1398.000 24.250 109.333 1530.000 0.167 7.000
1399.000 24.833 110.817 1532.000 0.000 7.000
1400.000 24.617 110.667 1533.000 0.000 7.000
1401.000 24.500 110.400 1534.000 0.000 7.000
1402.000 24.133 110.183 1535.000 0.000 7.000
1403.000 24.200 110.517 1536.000 0.000 7.000
1404.000 24.167 110.800 1537.000 0.000 7.000
1405.000 24.817 111.267 1538.000 0.000 7.000
1406.000 24.533 111.317 1540.000 0.000 7.000
1407.000 24.417 111.517 1541.000 0.200 7.000
1408.000 24.717 112.283 1542.000 0.000 7.000
1409.000 24.783 112.383 1543.000 0.100 7.000
1410.000 24.567 112.083 1544.000 0.000 7.000
1411.000 24.483 112.633 1545.000 0.100 7.000
1412.000 24.783 113.267 1546.000 0.000 7.000
1413.000 23.867 113.533 1548.000 0.000 7.000
1414.000 24.750 114.533 1549.000 0.000 7.000
1415.000 24.917 114.817 1550.000 0.000 7.000
1416.000 24.367 114.117 1551.000 0.000 7.000
1417.000 24.050 114.200 1552.000 0.000 7.000
1418.000 24.950 115.650 1553.000 0.000 7.000
1419.000 24.583 115.900 1554.000 0.000 7.000
1420.000 24.100 115.250 1555.000 0.000 7.000
1421.000 24.150 115.733 1556.000 0.167 7.000
1422.000 24.717 116.717 1557.000 0.000 7.000
1423.000 24.650 116.167 1558.000 0.000 7.000
1424.000 24.333 116.700 1559.000 0.000 7.000
1425.000 24.300 116.117 1560.000 0.167 7.000
1426.000 24.617 117.750 1561.000 0.250 7.000
1427.000 24.367 117.317 1562.000 0.000 7.000
1428.000 24.450 117.817 1563.000 0.333 7.000
1429.000 24.133 117.600 1564.000 0.000 7.000
1430.000 24.717 118.133 1565.000 0.700 7.000
1431.000 24.967 118.367 1566.000 0.200 7.000
1432.000 24.900 118.917 1567.000 0.083 7.000
1433.000 24.817 118.567 1568.000 1.000 7.000
1434.000 23.900 106.600 1570.000 0.000 7.000
1435.000 23.733 106.917 1571.000 0.000 7.000
1436.000 23.333 106.633 1572.000 0.000 7.000
1437.000 23.617 107.117 1573.000 0.000 7.000
1438.000 23.317 107.583 1574.000 0.000 7.000
1439.000 23.167 107.683 1575.000 0.000 7.000
1440.000 23.433 108.617 1577.000 0.000 7.000
1441.000 23.150 108.283 1578.000 0.083 7.000
1442.000 23.217 108.800 1579.000 0.100 7.000
1443.000 23.950 109.683 1580.000 0.000 7.000
1444.000 23.750 109.217 1581.000 0.083 7.000
1445.000 23.583 109.667 1582.000 0.000 7.000
1446.000 23.400 110.083 1583.000 0.083 7.000
1447.000 23.550 110.383 1584.000 0.000 7.000
1448.000 23.367 110.917 1585.000 0.000 7.000
1449.000 23.450 111.500 1586.000 0.000 7.000
1450.000 23.483 111.300 1587.000 0.100 7.000
1451.000 23.417 111.250 1588.000 0.000 7.000
1452.000 23.250 111.533 1589.000 0.000 7.000
1453.000 23.150 111.767 1590.000 0.000 7.000
1454.000 23.917 112.183 1591.000 0.100 7.000
1455.000 23.633 112.433 1592.000 0.000 7.000
1456.000 23.350 112.667 1593.000 0.000 7.000
1457.000 23.167 112.883 1594.000 0.300 7.000
1458.000 23.717 113.017 1595.000 0.200 7.000
1459.000 23.383 113.217 1596.000 0.700 7.000
1460.000 23.550 113.583 1597.000 0.000 7.000
1461.000 23.033 113.750 1600.000 0.700 7.000
1462.000 23.733 114.233 1601.000 0.000 7.000
1463.000 23.733 114.683 1602.000 0.000 7.000
1464.000 23.300 113.817 1603.000 0.000 7.000
1465.000 23.183 114.283 1604.000 0.100 7.000
1466.000 23.083 114.417 1605.000 0.200 7.000
1467.000 23.933 115.767 1606.000 0.100 7.000
1468.000 23.633 115.183 1607.000 0.000 7.000
1469.000 23.433 115.833 1608.000 0.000 7.000
1470.000 23.767 116.183 1609.000 0.100 7.000
1471.000 23.667 116.633 1610.000 0.900 7.000
1472.000 23.683 116.983 1611.000 0.200 7.000
1473.000 23.567 116.383 1613.000 0.900 7.000
1474.000 23.400 116.683 1614.000 0.583 7.000
1475.000 23.033 116.300 1615.000 0.100 7.000
1476.000 23.267 116.583 1616.000 0.300 7.000
1477.000 23.467 116.767 1617.000 0.900 7.000
1478.000 23.767 117.133 1618.000 0.100 7.000
1479.000 23.783 117.500 1619.000 0.083 7.000
1480.000 23.983 117.367 1620.000 0.000 7.000
1481.000 23.433 117.033 1621.000 0.000 7.000
1482.000 22.100 106.750 1623.000 0.000 7.000
1483.000 22.833 107.200 1624.000 0.000 7.000
1484.000 22.417 107.383 1625.000 0.000 7.000
1485.000 22.550 107.900 1626.000 0.000 7.000
1486.000 22.133 107.050 1627.000 0.000 7.000
1487.000 22.717 108.433 1630.000 0.000 7.000
1488.000 22.800 109.333 1631.000 0.000 7.000
1489.000 22.267 109.550 1632.000 0.000 7.000
1490.000 22.267 109.967 1633.000 0.300 7.000
1491.000 22.700 110.350 1634.000 0.167 7.000
1492.000 22.867 110.533 1635.000 0.000 7.000
1493.000 22.633 110.167 1636.000 0.800 7.000
1494.000 22.917 110.967 1637.000 0.100 7.000
1495.000 22.350 110.933 1638.000 0.000 7.000
1496.000 22.317 110.250 1639.000 0.000 7.000
1497.000 22.767 111.567 1640.000 0.100 7.000
1498.000 22.167 111.783 1641.000 0.100 7.000
1499.000 22.717 112.217 1642.000 0.000 7.000
1500.000 22.917 112.033 1643.000 0.100 7.000
1501.000 22.767 112.967 1644.000 0.100 7.000
1502.000 22.367 112.683 1645.000 0.100 7.000
1503.000 22.533 113.033 1646.000 0.100 7.000
1504.000 22.250 112.783 1648.000 0.000 7.000
1505.000 22.850 113.250 1649.000 0.667 7.000
1506.000 22.950 113.367 1650.000 0.500 7.000
1507.000 22.533 113.350 1651.000 0.500 7.000
1508.000 22.217 113.283 1652.000 0.000 7.000
1509.000 22.967 115.317 1655.000 0.100 7.000
1510.000 22.783 115.367 1656.000 0.000 7.000
1511.000 22.950 115.650 1657.000 0.083 7.000
1512.000 21.950 108.617 1658.000 0.083 7.000
1513.000 21.667 109.183 1659.000 0.000 7.000
1514.000 21.483 109.100 1660.000 0.200 7.000
1515.000 21.033 109.083 1661.000 0.000 7.000
1516.000 21.383 110.250 1662.000 0.000 7.000
1517.000 21.933 110.850 1663.000 0.000 7.000
1518.000 21.617 110.300 1664.000 0.100 7.000
1519.000 21.650 110.617 1665.000 0.083 7.000
1520.000 21.433 110.767 1666.000 0.100 7.000
1521.000 21.867 111.967 1669.000 0.300 7.000
1522.000 21.500 111.000 1670.000 0.083 7.000
1523.000 20.917 110.100 1671.000 0.000 7.000
1524.000 20.333 110.167 1672.000 0.000 7.000
1525.000 20.000 110.367 1673.000 0.200 0.000
1526.000 19.100 108.617 1675.000 0.000 0.000
1527.000 19.900 109.683 1676.000 0.000 0.000
1528.000 19.733 110.000 1677.000 0.000 0.000
1529.000 19.517 109.583 1678.000 0.100 0.000
1530.000 19.267 109.050 1679.000 0.000 0.000
1531.000 19.233 109.433 1680.000 0.000 0.000
1532.000 19.033 109.833 1681.000 0.000 0.000
1533.000 19.700 110.333 1682.000 0.000 0.000
1534.000 19.367 110.100 1683.000 0.000 0.000
1535.000 19.233 110.467 1684.000 0.000 0.000
1536.000 19.617 110.750 1685.000 0.000 0.000
1537.000 18.750 109.167 1686.000 0.000 0.000
1538.000 18.767 109.517 1687.000 0.000 0.000
1539.000 18.650 109.700 1688.000 0.000 0.000
1540.000 18.233 109.517 1689.000 0.000 0.000
1541.000 18.800 110.367 1690.000 0.000 0.000
1542.000 18.500 110.033 1691.000 0.000 0.000
1543.000 16.833 112.333 1692.000 0.000 0.000
1544.000 16.533 111.617 1693.000 0.000 0.000
